Time	FuelConsumptionCar	FuelConsumptionBus	FuelConsumptionTruck	CarbonDioxideCar	CarbonDioxideBus	CarbonDioxideTruck	NitrogenOxidesCar	NitrogenOxidesBus	NitrogenOxidesTruck	
00:30:00	1.17632346E9	0.0	1585080.5	8.988572E7	0.0	121185.39	71159.81	0.0	93.95516	
00:35:00	1.35617997E9	0.0	1779169.5	1.03630656E8	0.0	136024.23	82008.97	0.0	105.62242	
00:40:00	1.43810406E9	0.0	1840931.6	1.09894864E8	0.0	140746.2	86938.87	0.0	109.20904	
00:45:00	1.47119411E9	0.0	1909248.8	1.124252E8	0.0	145969.27	88938.67	0.0	113.730415	
00:50:00	1.48241741E9	0.0	1970057.1	1.13283552E8	0.0	150618.28	89595.234	0.0	117.56507	
00:55:00	1.48525645E9	0.0	1972838.8	1.13497744E8	0.0	150830.94	89771.84	0.0	117.90375	
01:00:00	1.48233472E9	0.0	2097887.0	1.132718E8	0.0	160391.42	89687.39	0.0	124.575485	
01:05:00	1.48275597E9	0.0	2278577.0	1.13302448E8	0.0	174205.78	89797.51	0.0	134.62283	
01:10:00	1.49015706E9	0.0	2428014.8	1.1387232E8	0.0	185630.88	90323.484	0.0	143.73082	
01:15:00	1.50206643E9	0.0	2461494.0	1.14784464E8	0.0	188190.5	91035.66	0.0	146.07822	
01:20:00	1.51441946E9	0.0	2497109.5	1.15730904E8	0.0	190913.38	91776.31	0.0	148.39398	
01:25:00	1.53293568E9	0.0	2544513.0	1.1715068E8	0.0	194537.55	92860.34	0.0	150.99951	
01:30:00	1.55700454E9	0.0	2486769.0	1.18993344E8	0.0	190122.69	94204.734	0.0	147.48288	
01:35:00	1.5792361E9	0.0	2315011.2	1.20700688E8	0.0	176991.25	95357.695	0.0	137.35533	
01:40:00	1.59390438E9	0.0	2222746.5	1.2183068E8	0.0	169937.25	95976.875	0.0	130.82988	
01:45:00	1.6035799E9	0.0	2187458.2	1.22572952E8	0.0	167239.4	96276.08	0.0	127.0298	
01:50:00	1.6181897E9	0.0	2087223.0	1.2369344E8	0.0	159576.05	96929.0	0.0	120.67638	
01:55:00	1.63067955E9	0.0	1941541.8	1.24648912E8	0.0	148438.17	97514.22	0.0	112.283775	
02:00:00	1.63641203E9	0.0	1797608.2	1.25091696E8	0.0	137433.98	97703.305	0.0	104.2355	
02:05:00	1.66197056E9	0.0	1854333.2	1.27048336E8	0.0	141770.77	98962.484	0.0	107.53664	
02:10:00	1.72140058E9	0.0	1978409.5	1.31608608E8	0.0	151256.67	102062.07	0.0	114.65231	
02:15:00	1.79815194E9	0.0	1996601.2	1.37516112E8	0.0	152647.4	105981.85	0.0	115.97699	
02:20:00	1.88513587E9	0.0	1913474.8	1.44202288E8	0.0	146292.11	110207.516	0.0	110.754166	
02:25:00	1.99191859E9	0.0	1829038.0	1.52429616E8	0.0	139836.62	115557.04	0.0	104.55509	
02:30:00	2.11506931E9	0.0	1912577.1	1.6190264E8	0.0	146223.45	121779.016	0.0	108.58126	
02:35:00	2.2234903E9	0.0	1947887.5	1.7026696E8	0.0	148923.05	127333.91	0.0	109.945496	
02:40:00	2.29774694E9	0.0	1985911.6	1.75992592E8	0.0	151830.22	130968.93	0.0	111.988525	
02:45:00	2.35637811E9	0.0	2028272.6	1.805144E8	0.0	155068.9	133894.88	0.0	114.327324	
02:50:00	2.41387571E9	0.0	2090257.1	1.84946592E8	0.0	159807.81	137038.36	0.0	117.95776	
02:55:00	2.46097997E9	0.0	2210622.8	1.88567136E8	0.0	169010.19	139486.6	0.0	124.76399	
03:00:00	2.48821146E9	0.0	2241766.5	1.90667456E8	0.0	171391.16	140710.38	0.0	126.569695	
03:05:00	2.52203315E9	0.0	2221955.5	1.93271136E8	0.0	169876.58	142232.11	0.0	125.07973	
03:10:00	2.57678976E9	0.0	2135809.2	1.97436976E8	0.0	163290.25	145036.94	0.0	119.735214	
03:15:00	2.64667059E9	0.0	2032224.0	2.0274344E8	0.0	155370.73	148649.25	0.0	112.96265	
03:20:00	2.71453798E9	0.0	2104648.0	2.07877328E8	0.0	160907.73	151971.11	0.0	116.725746	
03:25:00	2.78133018E9	0.0	2093689.1	2.12915312E8	0.0	160069.83	155255.0	0.0	116.22492	
03:30:00	2.85563034E9	0.0	2008796.5	2.1856184E8	0.0	153579.53	159044.6	0.0	111.3049	
03:35:00	2.9126359E9	0.0	1890871.2	2.22848832E8	0.0	144563.75	161816.12	0.0	104.58496	
03:40:00	2.94701696E9	0.0	1709018.5	2.25436992E8	0.0	130660.62	163368.27	0.0	93.826294	
03:45:00	2.96507341E9	0.0	1589603.5	2.2679552E8	0.0	121530.97	163949.44	0.0	87.08527	
03:50:00	2.97879603E9	0.0	1338711.0	2.2784144E8	0.0	102349.39	164358.53	0.0	72.46808	
03:55:00	2.9851415E9	0.0	1261723.4	2.28305984E8	0.0	96463.48	164314.98	0.0	67.84885	
04:00:00	2.98922726E9	0.0	1278155.2	2.28553712E8	0.0	97719.734	164086.97	0.0	68.39537	
04:05:00	2.992768E9	0.0	1339927.9	2.28783072E8	0.0	102442.484	163697.8	0.0	71.78194	
04:10:00	2.99210931E9	0.0	1404154.2	2.28748832E8	0.0	107352.81	162975.31	0.0	75.25582	
04:15:00	2.98774221E9	0.0	1465249.0	2.28425744E8	0.0	112023.71	162277.88	0.0	78.41688	
04:20:00	2.97618893E9	0.0	1605607.5	2.27553136E8	0.0	122754.62	161243.69	0.0	86.08962	
04:25:00	2.9532928E9	0.0	1622119.8	2.25864272E8	0.0	124017.01	159690.22	0.0	86.56177	
04:30:00	2.93121664E9	0.0	1507899.0	2.24249248E8	0.0	115284.43	158372.27	0.0	80.41398	
04:35:00	2.9033751E9	0.0	1402980.2	2.22211888E8	0.0	107263.016	157078.2	0.0	74.730225	
04:40:00	2.87433523E9	0.0	1378013.4	2.2001792E8	0.0	105354.25	155853.98	0.0	73.85184	
04:45:00	2.84851021E9	0.0	1313410.6	2.1806808E8	0.0	100415.14	154825.4	0.0	70.73334	
04:50:00	2.8185513E9	0.0	1242772.5	2.1581856E8	0.0	95014.66	153670.64	0.0	67.460205	
04:55:00	2.79988736E9	0.0	1264751.2	2.14404624E8	0.0	96695.04	153289.81	0.0	69.93395	
05:00:00	2.7754455E9	0.0	1404124.1	2.12548816E8	0.0	107350.66	152658.48	0.0	77.87062	
05:05:00	2.67514675E9	0.0	1450830.5	2.04871616E8	0.0	110921.53	147395.1	0.0	80.360306	
05:10:00	2.46157952E9	0.0	1344325.1	1.88514464E8	0.0	102778.77	135776.2	0.0	74.28381	
05:15:00	2.16777882E9	0.0	1196246.8	1.65992576E8	0.0	91457.62	119742.22	0.0	66.089935	
05:20:00	1.8185303E9	0.0	1000080.5	1.39206272E8	0.0	76459.945	100587.31	0.0	55.050087	
05:25:00	1.42453683E9	0.0	757811.56	1.09016544E8	0.0	57937.58	78826.4	0.0	41.280354	
05:30:00	1.00505523E9	0.0	441173.9	7.68864E7	0.0	33729.41	55536.344	0.0	23.772545	
05:35:00	6.4954566E8	0.0	218038.81	4.9644392E7	0.0	16669.89	36050.402	0.0	11.745878	
05:40:00	4.05162816E8	0.0	101606.36	3.0940904E7	0.0	7768.2007	22709.707	0.0	5.5360665	
05:45:00	2.36520832E8	0.0	49124.72	1.8054552E7	0.0	3755.775	13397.775	0.0	2.6850548	
05:50:00	1.27307056E8	0.0	23928.873	9727724.0	0.0	1829.4556	7312.279	0.0	1.3138568	
05:55:00	6.0683328E7	0.0	980.6881	4639583.0	0.0	74.97734	3545.0105	0.0	0.059987534	
06:00:00	2.5437382E7	0.0	0.0	1944676.6	0.0	0.0	1524.4565	0.0	0.0	