Time	FuelConsumptionCar	FuelConsumptionBus	FuelConsumptionTruck	CarbonDioxideCar	CarbonDioxideBus	CarbonDioxideTruck	NitrogenOxidesCar	NitrogenOxidesBus	NitrogenOxidesTruck	
00:30:00	1.19508966E9	0.0	1576384.1	9.1310384E7	0.0	120520.5	72381.29	0.0	93.1773	
00:35:00	1.37953997E9	0.0	1781605.4	1.05406592E8	0.0	136210.48	83465.266	0.0	105.59638	
00:40:00	1.46347725E9	0.0	1860003.8	1.11822552E8	0.0	142204.39	88437.47	0.0	110.303406	
00:45:00	1.49479398E9	0.0	1933994.8	1.1421752E8	0.0	147861.31	90201.59	0.0	115.20293	
00:50:00	1.50070656E9	0.0	1991961.9	1.1467012E8	0.0	152293.08	90447.02	0.0	118.822266	
00:55:00	1.49920832E9	0.0	1997255.5	1.145562E8	0.0	152697.7	90309.48	0.0	119.35646	
01:00:00	1.49396954E9	0.0	2112001.5	1.14154696E8	0.0	161470.5	90053.8	0.0	125.58155	
01:05:00	1.49497267E9	0.0	2292060.5	1.14229752E8	0.0	175236.6	90096.69	0.0	135.61235	
01:10:00	1.51030426E9	0.0	2432623.0	1.1540928E8	0.0	185983.05	90979.74	0.0	143.97293	
01:15:00	1.53838387E9	0.0	2453731.5	1.17561432E8	0.0	187596.83	92606.59	0.0	145.11485	
01:20:00	1.5745783E9	0.0	2478011.0	1.20336368E8	0.0	189453.05	94800.234	0.0	146.63466	
01:25:00	1.6112887E9	0.0	2506475.0	1.2315852E8	0.0	191629.22	96844.44	0.0	148.03653	
01:30:00	1.6537577E9	0.0	2479007.0	1.2641876E8	0.0	189529.06	99139.016	0.0	146.1306	
01:35:00	1.69077709E9	0.0	2323956.5	1.29259112E8	0.0	177674.94	101032.34	0.0	136.66164	
01:40:00	1.71802957E9	0.0	2228899.8	1.31359808E8	0.0	170407.6	102267.08	0.0	129.67834	
01:45:00	1.74119962E9	0.0	2208971.5	1.33150048E8	0.0	168884.02	103237.73	0.0	126.90929	
01:50:00	1.76830771E9	0.0	2124347.0	1.35231408E8	0.0	162414.16	104435.76	0.0	121.61916	
01:55:00	1.79764954E9	0.0	2014135.5	1.37480256E8	0.0	153988.14	105863.97	0.0	115.35446	
02:00:00	1.81793357E9	0.0	1867848.6	1.39046304E8	0.0	142804.08	106737.34	0.0	107.07936	
02:05:00	1.86247219E9	0.0	1923818.5	1.42470336E8	0.0	147083.16	109224.09	0.0	110.63391	
02:10:00	1.93466803E9	0.0	2048631.0	1.48014608E8	0.0	156625.38	113309.84	0.0	118.45412	
02:15:00	2.01369523E9	0.0	2038080.9	1.5408952E8	0.0	155818.77	117750.6	0.0	118.198204	
02:20:00	2.0953687E9	0.0	1974151.5	1.60374864E8	0.0	150931.14	122205.85	0.0	114.06689	
02:25:00	2.18799027E9	0.0	1885375.2	1.6748184E8	0.0	144143.88	127379.0	0.0	108.27543	
02:30:00	2.28309018E9	0.0	1945230.8	1.74777696E8	0.0	148720.03	132548.36	0.0	111.475266	
02:35:00	2.36017152E9	0.0	1964576.6	1.80711776E8	0.0	150199.1	136481.45	0.0	112.15183	
02:40:00	2.41426099E9	0.0	1961447.0	1.8487568E8	0.0	149959.94	139194.16	0.0	111.90725	
02:45:00	2.45608115E9	0.0	2022259.8	1.88099264E8	0.0	154609.28	141166.05	0.0	115.71274	
02:50:00	2.49328026E9	0.0	2071144.1	1.90963152E8	0.0	158346.6	142879.62	0.0	118.58978	
02:55:00	2.51656602E9	0.0	2188085.0	1.927796E8	0.0	167287.05	143727.86	0.0	125.04135	
03:00:00	2.53468186E9	0.0	2202010.5	1.94205392E8	0.0	168351.56	144342.6	0.0	125.14822	
03:05:00	2.5655785E9	0.0	2176072.5	1.9657656E8	0.0	166368.48	145764.31	0.0	123.31727	
03:10:00	2.60952627E9	0.0	2127708.8	1.99932768E8	0.0	162670.83	147929.53	0.0	119.84563	
03:15:00	2.65992653E9	0.0	2059258.2	2.03762112E8	0.0	157437.56	150509.5	0.0	115.77635	
03:20:00	2.70687104E9	0.0	2107899.2	2.07318784E8	0.0	161156.34	153007.2	0.0	118.05728	
03:25:00	2.75245696E9	0.0	2111965.5	2.10781728E8	0.0	161467.22	155345.55	0.0	118.38073	
03:30:00	2.80043341E9	0.0	2012801.8	2.14415296E8	0.0	153885.89	157862.7	0.0	113.388985	
03:35:00	2.84028518E9	0.0	1872606.2	2.17439952E8	0.0	143167.47	159944.4	0.0	105.50441	
03:40:00	2.86473882E9	0.0	1659058.2	2.19273088E8	0.0	126841.016	161131.31	0.0	93.22359	
03:45:00	2.88673741E9	0.0	1494899.2	2.20925136E8	0.0	114290.51	162288.75	0.0	83.3446	
03:50:00	2.90012339E9	0.0	1232578.6	2.2194272E8	0.0	94235.21	162889.69	0.0	68.578766	
03:55:00	2.90940646E9	0.0	1117329.2	2.22653056E8	0.0	85424.055	163366.0	0.0	61.974743	
04:00:00	2.92395264E9	0.0	1181308.2	2.2375568E8	0.0	90315.45	164249.2	0.0	65.02897	
04:05:00	2.91184512E9	0.0	1263977.2	2.22820576E8	0.0	96635.734	163569.61	0.0	69.47504	
04:10:00	2.87611008E9	0.0	1366723.1	2.20126208E8	0.0	104491.03	161646.94	0.0	75.54126	
04:15:00	2.8165312E9	0.0	1404235.0	2.1562768E8	0.0	107358.95	158235.67	0.0	77.52086	
04:20:00	2.75226701E9	0.0	1567672.0	2.10760064E8	0.0	119854.336	154699.77	0.0	86.4943	
04:25:00	2.6826263E9	0.0	1602664.0	2.05444784E8	0.0	122529.62	150873.2	0.0	88.14339	
04:30:00	2.60380262E9	0.0	1465761.5	1.99439136E8	0.0	112062.96	146630.23	0.0	80.77835	
04:35:00	2.53644646E9	0.0	1354061.5	1.9429512E8	0.0	103523.13	143194.83	0.0	74.93257	
04:40:00	2.47950157E9	0.0	1297284.8	1.89932976E8	0.0	99182.37	140248.95	0.0	71.85539	
04:45:00	2.44362829E9	0.0	1231885.8	1.87174864E8	0.0	94182.36	138713.6	0.0	68.65469	
04:50:00	2.41246285E9	0.0	1179354.5	1.84766848E8	0.0	90166.16	137464.44	0.0	67.04889	
04:55:00	2.3829865E9	0.0	1192395.8	1.82500096E8	0.0	91163.24	136395.08	0.0	69.03895	
05:00:00	2.3524608E9	0.0	1336387.8	1.80144064E8	0.0	102172.016	135348.45	0.0	77.954605	
05:05:00	2.23728666E9	0.0	1381879.5	1.71310704E8	0.0	105650.055	129295.21	0.0	80.95781	
05:10:00	2.0039831E9	0.0	1287007.1	1.53414288E8	0.0	98396.7	116270.766	0.0	75.65402	
05:15:00	1.69067597E9	0.0	1128929.2	1.293912E8	0.0	86311.05	98427.734	0.0	66.54318	
05:20:00	1.34006771E9	0.0	898704.25	1.02536064E8	0.0	68709.45	78314.766	0.0	52.721523	
05:25:00	9.7603814E8	0.0	639072.6	7.4658936E7	0.0	48859.6	57247.195	0.0	37.41866	
05:30:00	6.098505E8	0.0	330474.88	4.6625132E7	0.0	25266.102	35855.35	0.0	19.35986	
05:35:00	3.24750784E8	0.0	114075.375	2.48129E7	0.0	8721.511	19163.07	0.0	6.58626	
05:40:00	1.60481856E8	0.0	8606.432	1.2260465E7	0.0	657.9953	9531.524	0.0	0.5001061	
05:45:00	7.4206336E7	0.0	0.0	5673339.5	0.0	0.0	4449.3203	0.0	0.0	
05:50:00	3.2189554E7	0.0	0.0	2460897.8	0.0	0.0	1937.8596	0.0	0.0	
05:55:00	1.2716456E7	0.0	0.0	972280.44	0.0	0.0	778.21545	0.0	0.0	
06:00:00	4257723.0	0.0	0.0	325527.44	0.0	0.0	269.64905	0.0	0.0	