Time	FuelConsumptionCar	FuelConsumptionBus	FuelConsumptionTruck	CarbonDioxideCar	CarbonDioxideBus	CarbonDioxideTruck	NitrogenOxidesCar	NitrogenOxidesBus	NitrogenOxidesTruck	
00:30:00	1.19508966E9	0.0	1576384.1	9.1310384E7	0.0	120520.5	72381.29	0.0	93.1773	
00:35:00	1.37953997E9	0.0	1781605.4	1.05406592E8	0.0	136210.48	83465.266	0.0	105.59638	
00:40:00	1.46347725E9	0.0	1860003.8	1.11822552E8	0.0	142204.39	88437.47	0.0	110.303406	
00:45:00	1.49479398E9	0.0	1933994.8	1.1421752E8	0.0	147861.31	90201.59	0.0	115.20293	
00:50:00	1.50070656E9	0.0	1991961.9	1.1467012E8	0.0	152293.08	90447.02	0.0	118.822266	
00:55:00	1.49920832E9	0.0	1997255.5	1.145562E8	0.0	152697.7	90309.48	0.0	119.35646	
01:00:00	1.49396954E9	0.0	2112001.5	1.14154696E8	0.0	161470.5	90053.8	0.0	125.58155	
01:05:00	1.49497267E9	0.0	2292060.5	1.14229752E8	0.0	175236.6	90096.69	0.0	135.61235	
01:10:00	1.51030426E9	0.0	2432623.0	1.1540928E8	0.0	185983.05	90979.74	0.0	143.97293	
01:15:00	1.53838387E9	0.0	2453731.5	1.17561432E8	0.0	187596.83	92606.59	0.0	145.11485	
01:20:00	1.57462016E9	0.0	2479587.0	1.20339576E8	0.0	189573.55	94803.65	0.0	146.75114	
01:25:00	1.61147674E9	0.0	2514497.8	1.23174424E8	0.0	192242.6	96865.33	0.0	148.57028	
01:30:00	1.65430221E9	0.0	2494112.0	1.26465784E8	0.0	190683.95	99194.25	0.0	147.182	
01:35:00	1.69053286E9	0.0	2328850.2	1.29248008E8	0.0	178049.11	101051.64	0.0	137.31635	
01:40:00	1.71770368E9	0.0	2233954.2	1.31344688E8	0.0	170794.0	102293.97	0.0	130.22617	
01:45:00	1.73931213E9	0.0	2212979.2	1.33013608E8	0.0	169190.38	103178.484	0.0	127.33083	
01:50:00	1.76475981E9	0.0	2147623.8	1.3497072E8	0.0	164193.72	104275.87	0.0	123.3384	
01:55:00	1.79403443E9	0.0	2008803.5	1.37212336E8	0.0	153580.45	105675.14	0.0	115.42912	
02:00:00	1.81428992E9	0.0	1856618.2	1.3877272E8	0.0	141945.45	106549.375	0.0	106.77546	
02:05:00	1.85863091E9	0.0	1901029.4	1.4217824E8	0.0	145340.81	108973.44	0.0	109.32243	
02:10:00	1.92982579E9	0.0	2019393.5	1.4765088E8	0.0	154390.11	112904.94	0.0	116.69554	
02:15:00	2.01110656E9	0.0	2015291.4	1.539E8	0.0	154076.38	117430.8	0.0	116.634384	
02:20:00	2.09914739E9	0.0	1924901.5	1.60675376E8	0.0	147165.75	122269.8	0.0	110.55164	
02:25:00	2.19487667E9	0.0	1877271.8	1.68025488E8	0.0	143524.31	127640.53	0.0	106.969025	
02:30:00	2.29399424E9	0.0	1945956.2	1.75639136E8	0.0	148775.48	132976.4	0.0	110.612976	
02:35:00	2.37620762E9	0.0	1988491.0	1.8195912E8	0.0	152027.39	137177.69	0.0	112.8505	
02:40:00	2.43202867E9	0.0	2006734.8	1.86256016E8	0.0	153422.25	139960.78	0.0	113.92586	
02:45:00	2.4794217E9	0.0	2073051.1	1.89901248E8	0.0	158492.48	142318.05	0.0	118.35528	
02:50:00	2.51616E9	0.0	2123233.2	1.92730192E8	0.0	162329.0	143980.97	0.0	121.62204	
02:55:00	2.5389545E9	0.0	2219667.5	1.94506288E8	0.0	169701.69	144734.4	0.0	126.95795	
03:00:00	2.55278771E9	0.0	2220351.2	1.95577152E8	0.0	169753.88	145109.94	0.0	126.146194	
03:05:00	2.58059802E9	0.0	2194926.8	1.97735472E8	0.0	167810.12	146354.98	0.0	124.03863	
03:10:00	2.62856755E9	0.0	2117918.0	2.01386832E8	0.0	161922.42	148756.53	0.0	118.71429	
03:15:00	2.67369446E9	0.0	2030233.2	2.04831632E8	0.0	155218.5	150866.64	0.0	113.46203	
03:20:00	2.72399667E9	0.0	2098930.5	2.08644976E8	0.0	160470.62	153482.16	0.0	116.70536	
03:25:00	2.7718231E9	0.0	2120485.0	2.1228952E8	0.0	162118.5	155860.97	0.0	118.05726	
03:30:00	2.82915635E9	0.0	2051720.5	2.16654816E8	0.0	156861.23	158856.23	0.0	114.82464	
03:35:00	2.87589146E9	0.0	1906203.2	2.20178512E8	0.0	145735.9	161345.28	0.0	106.60382	
03:40:00	2.90351795E9	0.0	1713193.1	2.22253264E8	0.0	130979.69	162814.1	0.0	95.7735	
03:45:00	2.92463258E9	0.0	1573350.8	2.23829344E8	0.0	120288.36	164002.56	0.0	87.62636	
03:50:00	2.93772211E9	0.0	1279502.0	2.24816384E8	0.0	97822.664	164617.05	0.0	71.22803	
03:55:00	2.94517197E9	0.0	1152575.0	2.25349344E8	0.0	88118.72	165092.12	0.0	64.14125	
04:00:00	2.94983808E9	0.0	1198441.6	2.25683376E8	0.0	91625.44	165494.47	0.0	66.72742	
04:05:00	2.92699264E9	0.0	1269160.6	2.23947584E8	0.0	97032.17	164225.31	0.0	70.97505	
04:10:00	2.8786025E9	0.0	1339131.2	2.20294224E8	0.0	102381.67	161401.62	0.0	75.40433	
04:15:00	2.8178857E9	0.0	1347968.1	2.15706752E8	0.0	103057.27	157907.06	0.0	75.7419	
04:20:00	2.75432858E9	0.0	1508807.1	2.10896352E8	0.0	115354.01	154456.98	0.0	84.47035	
04:25:00	2.69129933E9	0.0	1522648.0	2.06132208E8	0.0	116412.17	151021.98	0.0	84.79257	
04:30:00	2.6235584E9	0.0	1385407.2	2.00984112E8	0.0	105919.59	147394.78	0.0	76.881035	
04:35:00	2.56314778E9	0.0	1287626.2	1.96370976E8	0.0	98443.86	144290.81	0.0	71.63009	
04:40:00	2.51489997E9	0.0	1269165.5	1.92678944E8	0.0	97032.48	142102.34	0.0	70.67102	
04:45:00	2.47799603E9	0.0	1214206.9	1.89840304E8	0.0	92830.71	140621.89	0.0	67.71406	
04:50:00	2.43647258E9	0.0	1181017.8	1.86642096E8	0.0	90293.28	138751.03	0.0	67.32616	
04:55:00	2.39806797E9	0.0	1215531.5	1.83671408E8	0.0	92932.0	137239.95	0.0	70.35376	
05:00:00	2.35800397E9	0.0	1371450.1	1.80589856E8	0.0	104852.59	135686.5	0.0	79.86397	
05:05:00	2.24013056E9	0.0	1414657.5	1.71531408E8	0.0	108155.96	129618.56	0.0	82.674286	
05:10:00	2.00313562E9	0.0	1310515.1	1.5334464E8	0.0	100193.89	116394.64	0.0	76.66211	
05:15:00	1.69166861E9	0.0	1159454.6	1.2945936E8	0.0	88644.74	98667.95	0.0	68.01149	
05:20:00	1.34230605E9	0.0	928337.0	1.0269616E8	0.0	70974.92	78614.08	0.0	54.018986	
05:25:00	9.7555315E8	0.0	664347.0	7.4611072E7	0.0	50791.887	57326.727	0.0	38.634563	
05:30:00	6.0805952E8	0.0	334199.12	4.6476952E7	0.0	25550.832	35848.832	0.0	19.479937	
05:35:00	3.20892672E8	0.0	120367.89	2.451712E7	0.0	9202.596	18974.285	0.0	6.902844	
05:40:00	1.56752576E8	0.0	13908.21	1.1974453E7	0.0	1063.3369	9262.398	0.0	0.802923	
05:45:00	7.0851224E7	0.0	0.0	5416709.0	0.0	0.0	4160.0117	0.0	0.0	
05:50:00	3.0250348E7	0.0	0.0	2312629.0	0.0	0.0	1780.6016	0.0	0.0	
05:55:00	1.2385366E7	0.0	0.0	947011.3	0.0	0.0	737.7439	0.0	0.0	
06:00:00	4337620.0	0.0	0.0	331633.2	0.0	0.0	262.29483	0.0	0.0	