Time	FuelConsumptionCar	FuelConsumptionBus	FuelConsumptionTruck	CarbonDioxideCar	CarbonDioxideBus	CarbonDioxideTruck	NitrogenOxidesCar	NitrogenOxidesBus	NitrogenOxidesTruck	
00:30:00	1.17632346E9	0.0	1585080.5	8.988572E7	0.0	121185.39	71159.81	0.0	93.95516	
00:35:00	1.35617997E9	0.0	1779169.5	1.03630656E8	0.0	136024.23	82008.97	0.0	105.62242	
00:40:00	1.43810406E9	0.0	1840931.6	1.09894864E8	0.0	140746.2	86938.87	0.0	109.20904	
00:45:00	1.47119411E9	0.0	1909248.8	1.124252E8	0.0	145969.27	88938.67	0.0	113.730415	
00:50:00	1.48241741E9	0.0	1970057.1	1.13283552E8	0.0	150618.28	89595.234	0.0	117.56507	
00:55:00	1.48525645E9	0.0	1972838.8	1.13497744E8	0.0	150830.94	89771.84	0.0	117.90375	
01:00:00	1.48233472E9	0.0	2097887.0	1.132718E8	0.0	160391.42	89687.39	0.0	124.575485	
01:05:00	1.48275597E9	0.0	2278577.0	1.13302448E8	0.0	174205.78	89797.51	0.0	134.62283	
01:10:00	1.49015706E9	0.0	2428014.8	1.1387232E8	0.0	185630.88	90323.484	0.0	143.73082	
01:15:00	1.50206643E9	0.0	2461494.0	1.14784464E8	0.0	188190.5	91035.66	0.0	146.07822	
01:20:00	1.51441946E9	0.0	2497109.5	1.15730904E8	0.0	190913.38	91776.31	0.0	148.39398	
01:25:00	1.53293568E9	0.0	2544513.0	1.1715068E8	0.0	194537.55	92860.34	0.0	150.99951	
01:30:00	1.55700454E9	0.0	2486769.0	1.18993344E8	0.0	190122.69	94204.734	0.0	147.48288	
01:35:00	1.5792361E9	0.0	2315011.2	1.20700688E8	0.0	176991.25	95357.695	0.0	137.35533	
01:40:00	1.59390438E9	0.0	2222746.5	1.2183068E8	0.0	169937.25	95976.875	0.0	130.82988	
01:45:00	1.6035799E9	0.0	2187458.2	1.22572952E8	0.0	167239.4	96276.08	0.0	127.0298	
01:50:00	1.6181897E9	0.0	2087223.0	1.2369344E8	0.0	159576.05	96929.0	0.0	120.67638	
01:55:00	1.63067955E9	0.0	1941541.8	1.24648912E8	0.0	148438.17	97514.22	0.0	112.283775	
02:00:00	1.63641203E9	0.0	1797608.2	1.25091696E8	0.0	137433.98	97703.305	0.0	104.2355	
02:05:00	1.66198861E9	0.0	1853787.8	1.27051584E8	0.0	141729.06	98964.164	0.0	107.5205	
02:10:00	1.72127104E9	0.0	1981773.5	1.31601424E8	0.0	151513.9	102043.61	0.0	114.86432	
02:15:00	1.79887718E9	0.0	1983163.0	1.3756936E8	0.0	151620.0	106014.73	0.0	115.07326	
02:20:00	1.88581171E9	0.0	1909522.2	1.44258064E8	0.0	145989.92	110229.03	0.0	110.39635	
02:25:00	1.99363763E9	0.0	1836592.9	1.5256784E8	0.0	140414.22	115622.84	0.0	104.79586	
02:30:00	2.11709261E9	0.0	1916556.2	1.62065008E8	0.0	146527.66	121859.65	0.0	108.48647	
02:35:00	2.22617395E9	0.0	1964354.9	1.70475808E8	0.0	150182.03	127453.55	0.0	110.77864	
02:40:00	2.30420326E9	0.0	1989485.9	1.76498896E8	0.0	152103.38	131354.48	0.0	112.21454	
02:45:00	2.36497869E9	0.0	2052146.8	1.81181072E8	0.0	156894.1	134409.84	0.0	115.81517	
02:50:00	2.4214784E9	0.0	2096923.4	1.85545872E8	0.0	160317.36	137446.97	0.0	118.07833	
02:55:00	2.46273792E9	0.0	2216549.2	1.88717184E8	0.0	169463.11	139439.0	0.0	124.96098	
03:00:00	2.49308749E9	0.0	2270082.0	1.91057056E8	0.0	173555.8	140790.36	0.0	127.74489	
03:05:00	2.53000832E9	0.0	2243925.0	1.93898496E8	0.0	171555.98	142499.88	0.0	125.579865	
03:10:00	2.58758682E9	0.0	2155794.2	1.98258896E8	0.0	164818.11	145453.6	0.0	120.26561	
03:15:00	2.65267507E9	0.0	2070901.5	2.03201872E8	0.0	158327.72	148794.0	0.0	114.556786	
03:20:00	2.71687117E9	0.0	2178014.2	2.08052608E8	0.0	166516.86	152013.67	0.0	120.89524	
03:25:00	2.78131891E9	0.0	2165865.5	2.1292848E8	0.0	165588.11	155318.1	0.0	120.40946	
03:30:00	2.84564941E9	0.0	2048349.1	2.17805664E8	0.0	156603.66	158620.23	0.0	114.13269	
03:35:00	2.90289459E9	0.0	1917139.4	2.22103008E8	0.0	146572.25	161433.19	0.0	106.82248	
03:40:00	2.93614797E9	0.0	1722604.5	2.2462552E8	0.0	131699.39	162889.62	0.0	95.23622	
03:45:00	2.95818189E9	0.0	1591791.8	2.26280608E8	0.0	121698.39	163666.48	0.0	88.010086	
03:50:00	2.97645389E9	0.0	1305615.1	2.27656512E8	0.0	99819.22	164306.34	0.0	71.45427	
03:55:00	2.9921024E9	0.0	1178988.0	2.28838944E8	0.0	90138.15	164869.84	0.0	63.90278	
04:00:00	2.99901184E9	0.0	1214685.5	2.29334592E8	0.0	92867.305	164872.66	0.0	65.55741	
04:05:00	3.00088141E9	0.0	1290662.2	2.29473136E8	0.0	98675.984	164557.78	0.0	69.76136	
04:10:00	2.99455155E9	0.0	1400587.8	2.28992448E8	0.0	107080.15	163739.8	0.0	75.74492	
04:15:00	2.98012006E9	0.0	1424333.1	2.27905152E8	0.0	108895.55	162596.62	0.0	76.814606	
04:20:00	2.95721677E9	0.0	1548526.2	2.26198624E8	0.0	118390.58	160987.9	0.0	83.504745	
04:25:00	2.91894118E9	0.0	1616051.4	2.23313632E8	0.0	123553.16	158522.16	0.0	87.15501	
04:30:00	2.88661325E9	0.0	1517239.0	2.20903568E8	0.0	115998.6	156576.66	0.0	81.76461	
04:35:00	2.8477376E9	0.0	1406241.6	2.1798976E8	0.0	107512.45	154510.62	0.0	75.69326	
04:40:00	2.81017242E9	0.0	1356131.1	2.15160768E8	0.0	103681.36	152642.25	0.0	73.497826	
04:45:00	2.77918746E9	0.0	1312305.0	2.12843664E8	0.0	100330.69	151246.92	0.0	71.71425	
04:50:00	2.75310848E9	0.0	1255843.0	2.10882416E8	0.0	96013.95	150251.08	0.0	68.930504	
04:55:00	2.73980979E9	0.0	1244603.0	2.09887984E8	0.0	95154.59	150124.69	0.0	68.89696	
05:00:00	2.72234675E9	0.0	1331262.0	2.08575968E8	0.0	101780.016	149842.08	0.0	73.63108	
05:05:00	2.62291789E9	0.0	1374025.1	2.00973392E8	0.0	105049.414	144608.6	0.0	75.89398	
05:10:00	2.40852403E9	0.0	1283121.6	1.8453488E8	0.0	98099.51	132871.7	0.0	70.67308	
05:15:00	2.11892339E9	0.0	1153101.5	1.6231344E8	0.0	88158.97	116991.39	0.0	63.327507	
05:20:00	1.77190886E9	0.0	958210.94	1.35678672E8	0.0	73258.86	97878.19	0.0	52.52377	
05:25:00	1.38388365E9	0.0	712590.4	1.05932624E8	0.0	54480.246	76443.87	0.0	38.925495	
05:30:00	9.7226227E8	0.0	431368.62	7.4377552E7	0.0	32979.797	53610.9	0.0	23.630074	
05:35:00	6.2541088E8	0.0	210801.05	4.7794344E7	0.0	16116.5625	34573.152	0.0	11.76386	
05:40:00	3.909232E8	0.0	81527.9	2.9852524E7	0.0	6233.1265	21777.15	0.0	4.668013	
05:45:00	2.31274992E8	0.0	13251.412	1.7655074E7	0.0	1013.1224	13008.001	0.0	0.7401651	
05:50:00	1.28006352E8	0.0	787.2258	9781612.0	0.0	60.186504	7315.089	0.0	0.045480467	
05:55:00	6.4220384E7	0.0	0.0	4909984.5	0.0	0.0	3722.4722	0.0	0.0	
06:00:00	2.8293032E7	0.0	0.0	2162904.0	0.0	0.0	1652.0073	0.0	0.0	