Time	FuelConsumptionCar	FuelConsumptionBus	FuelConsumptionTruck	CarbonDioxideCar	CarbonDioxideBus	CarbonDioxideTruck	NitrogenOxidesCar	NitrogenOxidesBus	NitrogenOxidesTruck	
00:30:00	1.19766144E9	0.0	1585068.8	9.1513328E7	0.0	121184.43	72636.055	0.0	93.57057	
00:35:00	1.3845632E9	0.0	1778489.2	1.0579568E8	0.0	135972.19	83946.97	0.0	105.04795	
00:40:00	1.46862323E9	0.0	1845177.8	1.12222528E8	0.0	141070.8	89001.586	0.0	109.0244	
00:45:00	1.49934669E9	0.0	1926217.0	1.14569632E8	0.0	147266.56	90812.64	0.0	114.46876	
00:50:00	1.50557978E9	0.0	1989347.0	1.15044528E8	0.0	152093.06	91140.625	0.0	118.511635	
00:55:00	1.50292198E9	0.0	1990337.1	1.14835448E8	0.0	152168.77	90961.164	0.0	118.67788	
01:00:00	1.49266944E9	0.0	2100218.5	1.14056288E8	0.0	160569.66	90346.72	0.0	124.57028	
01:05:00	1.4873431E9	0.0	2293389.8	1.1364504E8	0.0	175338.28	90033.65	0.0	135.47945	
01:10:00	1.4909065E9	0.0	2438148.5	1.13919816E8	0.0	186405.56	90205.91	0.0	144.11288	
01:15:00	1.50393331E9	0.0	2460460.8	1.14917808E8	0.0	188111.38	90934.35	0.0	145.51346	
01:20:00	1.52249523E9	0.0	2494677.8	1.1634204E8	0.0	190727.34	92060.76	0.0	147.7687	
01:25:00	1.54208627E9	0.0	2538313.0	1.17847936E8	0.0	194063.33	93148.62	0.0	150.37775	
01:30:00	1.56641306E9	0.0	2487132.8	1.19706832E8	0.0	190150.34	94485.77	0.0	147.24646	
01:35:00	1.58905178E9	0.0	2306091.8	1.21443E8	0.0	176309.14	95673.94	0.0	136.72688	
01:40:00	1.60501555E9	0.0	2215439.0	1.22663568E8	0.0	169378.47	96378.11	0.0	130.234	
01:45:00	1.61638502E9	0.0	2176299.5	1.235382E8	0.0	166386.14	96787.69	0.0	126.24293	
01:50:00	1.6298057E9	0.0	2085791.8	1.24572912E8	0.0	159466.52	97233.84	0.0	120.48419	
01:55:00	1.64424243E9	0.0	1944414.1	1.25683128E8	0.0	148657.73	97786.02	0.0	112.44998	
02:00:00	1.66124467E9	0.0	1815244.4	1.2698744E8	0.0	138782.3	98563.08	0.0	105.437325	
02:05:00	1.6924087E9	0.0	1880197.8	1.293816E8	0.0	143748.23	100188.66	0.0	109.361595	
02:10:00	1.75178893E9	0.0	1990546.8	1.33952304E8	0.0	152184.75	103505.83	0.0	116.090675	
02:15:00	1.8256791E9	0.0	1983354.5	1.39634864E8	0.0	151634.84	107676.695	0.0	116.02872	
02:20:00	1.90301798E9	0.0	1889813.9	1.4557512E8	0.0	144483.34	112003.39	0.0	110.22994	
02:25:00	1.98787533E9	0.0	1809999.0	1.52102112E8	0.0	138381.22	116709.86	0.0	104.562294	
02:30:00	2.07223398E9	0.0	1858114.4	1.58599552E8	0.0	142059.83	121140.32	0.0	106.658066	
02:35:00	2.1465993E9	0.0	1861524.5	1.64333824E8	0.0	142320.52	125022.336	0.0	105.89766	
02:40:00	2.19971456E9	0.0	1861129.0	1.68428144E8	0.0	142290.33	127662.17	0.0	105.74288	
02:45:00	2.23875021E9	0.0	1948560.8	1.71444432E8	0.0	148974.81	129288.41	0.0	110.95148	
02:50:00	2.27601715E9	0.0	2030361.5	1.74326112E8	0.0	155228.7	130910.72	0.0	115.25456	
02:55:00	2.30817203E9	0.0	2182845.2	1.76803312E8	0.0	166886.52	132305.28	0.0	124.2732	
03:00:00	2.34151322E9	0.0	2240356.5	1.79350592E8	0.0	171283.33	134025.61	0.0	127.27661	
03:05:00	2.38406374E9	0.0	2257342.0	1.82613264E8	0.0	172581.97	136364.52	0.0	128.92812	
03:10:00	2.43324467E9	0.0	2226158.2	1.8638544E8	0.0	170197.81	139131.66	0.0	127.24692	
03:15:00	2.48443008E9	0.0	2134295.5	1.90315504E8	0.0	163174.6	142180.81	0.0	121.713295	
03:20:00	2.52605901E9	0.0	2150052.0	1.93525136E8	0.0	164379.28	144599.16	0.0	122.89437	
03:25:00	2.56194714E9	0.0	2133927.0	1.96272624E8	0.0	163146.45	146635.95	0.0	121.90403	
03:30:00	2.59468902E9	0.0	2050995.8	1.98808832E8	0.0	156806.12	148611.38	0.0	117.32119	
03:35:00	2.59934669E9	0.0	1891284.0	1.99172112E8	0.0	144595.53	148686.14	0.0	107.56008	
03:40:00	2.57758285E9	0.0	1682602.2	1.9751392E8	0.0	128641.12	147230.19	0.0	95.18085	
03:45:00	2.55852237E9	0.0	1538599.6	1.96054832E8	0.0	117631.58	146054.2	0.0	87.078064	
03:50:00	2.5410711E9	0.0	1288385.2	1.94683824E8	0.0	98501.82	145070.64	0.0	72.67608	
03:55:00	2.52467814E9	0.0	1165153.9	1.93423904E8	0.0	89080.42	144254.5	0.0	65.60987	
04:00:00	2.51331482E9	0.0	1163287.6	1.92540944E8	0.0	88937.76	143691.4	0.0	65.59833	
04:05:00	2.50706074E9	0.0	1231374.4	1.92057232E8	0.0	94143.24	143584.98	0.0	69.63959	
04:10:00	2.49412608E9	0.0	1332654.4	1.9105328E8	0.0	101886.5	143151.75	0.0	75.636246	
04:15:00	2.45512704E9	0.0	1342730.5	1.88044064E8	0.0	102656.86	141157.53	0.0	76.1445	
04:20:00	2.40542822E9	0.0	1492015.0	1.84242848E8	0.0	114070.26	138683.17	0.0	84.671646	
04:25:00	2.34534016E9	0.0	1492573.0	1.79627392E8	0.0	114112.914	135699.38	0.0	84.35934	
04:30:00	2.28044237E9	0.0	1355902.4	1.74642176E8	0.0	103663.94	132457.28	0.0	77.14538	
04:35:00	2.22204774E9	0.0	1239791.0	1.7014976E8	0.0	94786.79	129563.234	0.0	70.6547	
04:40:00	2.17836518E9	0.0	1165249.1	1.66777808E8	0.0	89087.77	127506.45	0.0	66.64661	
04:45:00	2.15282842E9	0.0	1138792.2	1.64807312E8	0.0	87065.06	126452.64	0.0	65.279724	
04:50:00	2.13589248E9	0.0	1107830.8	1.63494608E8	0.0	84697.9	125789.53	0.0	64.46535	
04:55:00	2.12278477E9	0.0	1157600.5	1.62484848E8	0.0	88502.984	125094.75	0.0	68.49899	
05:00:00	2.10705741E9	0.0	1325236.0	1.61271376E8	0.0	101319.305	124216.15	0.0	78.20849	
05:05:00	2.01371686E9	0.0	1406147.4	1.54097552E8	0.0	107505.28	118931.28	0.0	82.94863	
05:10:00	1.80206221E9	0.0	1308450.9	1.37877616E8	0.0	100036.01	106604.63	0.0	77.03991	
05:15:00	1.51625766E9	0.0	1127818.6	1.15991352E8	0.0	86226.0	89822.43	0.0	66.27201	
05:20:00	1.19390106E9	0.0	904847.1	9.131172E7	0.0	69178.98	70811.53	0.0	52.702118	
05:25:00	8.6222496E8	0.0	645909.25	6.5926192E7	0.0	49382.18	51356.234	0.0	37.185947	
05:30:00	5.24673856E8	0.0	338392.88	4.0092192E7	0.0	25871.43	31445.977	0.0	19.184967	
05:35:00	2.57348416E8	0.0	109373.36	1.9656188E7	0.0	8362.0205	15496.415	0.0	5.994253	
05:40:00	1.115874E8	0.0	19880.63	8525954.0	0.0	1519.953	6722.404	0.0	0.90916413	
05:45:00	4.24253E7	0.0	9841.208	3243548.8	0.0	752.39905	2556.483	0.0	0.44333625	
05:50:00	1.489473E7	0.0	3510.489	1138852.5	0.0	268.39066	912.19946	0.0	0.19353619	
05:55:00	4646679.5	0.0	0.0	355269.12	0.0	0.0	300.3158	0.0	0.0	
06:00:00	892019.2	0.0	0.0	68198.3	0.0	0.0	58.642944	0.0	0.0	