Time	FuelConsumptionCar	FuelConsumptionBus	FuelConsumptionTruck	CarbonDioxideCar	CarbonDioxideBus	CarbonDioxideTruck	NitrogenOxidesCar	NitrogenOxidesBus	NitrogenOxidesTruck	
00:30:00	1.19508966E9	0.0	1576384.1	9.1310384E7	0.0	120520.5	72381.29	0.0	93.1773	
00:35:00	1.37953997E9	0.0	1781605.4	1.05406592E8	0.0	136210.48	83465.266	0.0	105.59638	
00:40:00	1.46347725E9	0.0	1860003.8	1.11822552E8	0.0	142204.39	88437.47	0.0	110.303406	
00:45:00	1.49479398E9	0.0	1933994.8	1.1421752E8	0.0	147861.31	90201.59	0.0	115.20293	
00:50:00	1.50070656E9	0.0	1991961.9	1.1467012E8	0.0	152293.08	90447.02	0.0	118.822266	
00:55:00	1.49920832E9	0.0	1997255.5	1.145562E8	0.0	152697.7	90309.48	0.0	119.35646	
01:00:00	1.49396954E9	0.0	2112001.5	1.14154696E8	0.0	161470.5	90053.8	0.0	125.58155	
01:05:00	1.49497267E9	0.0	2292060.5	1.14229752E8	0.0	175236.6	90096.69	0.0	135.61235	
01:10:00	1.51030426E9	0.0	2432623.0	1.1540928E8	0.0	185983.05	90979.74	0.0	143.97293	
01:15:00	1.53838387E9	0.0	2453731.5	1.17561432E8	0.0	187596.83	92606.59	0.0	145.11485	
01:20:00	1.57465114E9	0.0	2479002.2	1.20341656E8	0.0	189528.83	94805.234	0.0	146.70117	
01:25:00	1.61113971E9	0.0	2503546.2	1.23145232E8	0.0	191405.31	96825.34	0.0	147.73875	
01:30:00	1.65347866E9	0.0	2478413.5	1.26397256E8	0.0	189483.75	99108.28	0.0	146.04887	
01:35:00	1.68995891E9	0.0	2337360.5	1.29194808E8	0.0	178699.77	100972.56	0.0	137.40987	
01:40:00	1.71754752E9	0.0	2236918.2	1.31321376E8	0.0	171020.66	102224.68	0.0	130.13904	
01:45:00	1.73990682E9	0.0	2209616.8	1.3304852E8	0.0	168933.4	103137.59	0.0	126.88732	
01:50:00	1.76515763E9	0.0	2133450.5	1.34988368E8	0.0	163110.16	104225.3	0.0	122.029015	
01:55:00	1.79540506E9	0.0	2014424.2	1.37306448E8	0.0	154010.23	105701.63	0.0	115.40207	
02:00:00	1.8167689E9	0.0	1856815.1	1.38953824E8	0.0	141960.5	106618.63	0.0	106.31466	
02:05:00	1.86242253E9	0.0	1900886.1	1.42466112E8	0.0	145329.89	109158.25	0.0	109.09459	
02:10:00	1.93442995E9	0.0	2024309.2	1.4799048E8	0.0	154765.9	113194.2	0.0	116.39256	
02:15:00	2.01329382E9	0.0	2030375.2	1.54051904E8	0.0	155229.6	117586.29	0.0	117.12463	
02:20:00	2.09844928E9	0.0	1956012.5	1.60603968E8	0.0	149544.3	122244.25	0.0	112.146385	
02:25:00	2.19564544E9	0.0	1911002.9	1.6806112E8	0.0	146103.19	127687.43	0.0	108.63553	
02:30:00	2.29631846E9	0.0	2009037.9	1.75792736E8	0.0	153598.33	133126.06	0.0	114.0542	
02:35:00	2.37916928E9	0.0	2013777.0	1.82161936E8	0.0	153960.66	137388.84	0.0	113.861115	
02:40:00	2.43124531E9	0.0	2049692.0	1.8618744E8	0.0	156706.5	139944.69	0.0	116.17276	
02:45:00	2.47441254E9	0.0	2097297.2	1.89499648E8	0.0	160346.06	142079.22	0.0	119.308334	
02:50:00	2.50720691E9	0.0	2157386.8	1.92023136E8	0.0	164940.12	143621.12	0.0	123.05794	
02:55:00	2.52417203E9	0.0	2249404.5	1.93370784E8	0.0	171975.17	144057.56	0.0	127.88939	
03:00:00	2.53704269E9	0.0	2234325.2	1.94378912E8	0.0	170822.19	144356.98	0.0	126.1268	
03:05:00	2.56642074E9	0.0	2233620.8	1.96635184E8	0.0	170768.31	145655.03	0.0	126.06297	
03:10:00	2.61821722E9	0.0	2151617.8	2.0058216E8	0.0	164498.86	148342.81	0.0	120.78438	
03:15:00	2.67359693E9	0.0	2068023.8	2.04803872E8	0.0	158107.78	151189.53	0.0	115.72092	
03:20:00	2.72926157E9	0.0	2120995.8	2.09048976E8	0.0	162157.5	154053.55	0.0	118.23812	
03:25:00	2.78486733E9	0.0	2111249.2	2.13257888E8	0.0	161412.23	156957.27	0.0	118.020065	
03:30:00	2.83815782E9	0.0	2051267.5	2.1730376E8	0.0	156826.47	159787.4	0.0	115.08523	
03:35:00	2.88177075E9	0.0	1912264.0	2.20603456E8	0.0	146199.17	162031.52	0.0	106.68975	
03:40:00	2.90495821E9	0.0	1699391.6	2.2232688E8	0.0	129924.414	163005.78	0.0	94.128525	
03:45:00	2.923424E9	0.0	1588479.5	2.23733264E8	0.0	121444.87	163862.75	0.0	87.29831	
03:50:00	2.9331113E9	0.0	1308543.9	2.24454672E8	0.0	100042.93	164229.58	0.0	71.376045	
03:55:00	2.94152064E9	0.0	1192543.1	2.2506672E8	0.0	91174.41	164637.22	0.0	64.818245	
04:00:00	2.95749888E9	0.0	1207063.0	2.26256832E8	0.0	92284.52	165638.61	0.0	65.59847	
04:05:00	2.94139725E9	0.0	1300576.2	2.25027296E8	0.0	99433.91	164786.69	0.0	70.90454	
04:10:00	2.90380032E9	0.0	1426518.5	2.22185248E8	0.0	109062.7	162825.78	0.0	78.73603	
04:15:00	2.84529562E9	0.0	1429783.4	2.17744528E8	0.0	109312.31	159571.0	0.0	78.92312	
04:20:00	2.78127309E9	0.0	1570107.6	2.12888848E8	0.0	120040.68	156084.16	0.0	86.833084	
04:25:00	2.70400154E9	0.0	1615611.0	2.07031648E8	0.0	123519.55	151856.88	0.0	89.156204	
04:30:00	2.62173952E9	0.0	1497337.2	2.0077816E8	0.0	114477.08	147411.62	0.0	82.6718	
04:35:00	2.55146086E9	0.0	1358710.9	1.95425856E8	0.0	103878.64	143749.16	0.0	75.47232	
04:40:00	2.49191859E9	0.0	1268172.9	1.90885808E8	0.0	96956.67	140706.31	0.0	70.61163	
04:45:00	2.44665882E9	0.0	1192625.4	1.87403792E8	0.0	91180.766	138659.7	0.0	66.81056	
04:50:00	2.40634701E9	0.0	1145310.6	1.84301584E8	0.0	87563.336	136879.48	0.0	65.53406	
04:55:00	2.38062106E9	0.0	1167443.0	1.82320736E8	0.0	89255.484	136099.44	0.0	68.1433	
05:00:00	2.34947456E9	0.0	1291866.6	1.7992432E8	0.0	98768.2	135061.16	0.0	75.73708	
05:05:00	2.23521306E9	0.0	1352800.4	1.71150464E8	0.0	103426.83	129217.7	0.0	79.69457	
05:10:00	2.00372224E9	0.0	1255967.4	1.53389696E8	0.0	96023.57	116381.695	0.0	74.04052	
05:15:00	1.69545626E9	0.0	1112001.8	1.29762208E8	0.0	85016.83	98788.45	0.0	65.62431	
05:20:00	1.34798874E9	0.0	899984.1	1.03143256E8	0.0	68807.28	78814.1	0.0	52.73699	
05:25:00	9.7844864E8	0.0	631851.0	7.4842352E7	0.0	48307.46	57358.79	0.0	36.86138	
05:30:00	6.0853274E8	0.0	333692.03	4.6523904E7	0.0	25512.066	35740.688	0.0	19.672344	
05:35:00	3.20025696E8	0.0	103737.125	2.44513E7	0.0	7931.11	18789.307	0.0	5.968889	
05:40:00	1.53323648E8	0.0	10211.488	1.171236E7	0.0	780.70795	8962.072	0.0	0.5512212	
05:45:00	6.8572936E7	0.0	0.0	5242573.0	0.0	0.0	3976.4314	0.0	0.0	
05:50:00	3.0087366E7	0.0	0.0	2300139.0	0.0	0.0	1751.1862	0.0	0.0	
05:55:00	1.2135118E7	0.0	0.0	927873.75	0.0	0.0	722.4023	0.0	0.0	
06:00:00	3824533.0	0.0	0.0	292415.97	0.0	0.0	237.54854	0.0	0.0	