Time	FuelConsumptionCar	FuelConsumptionBus	FuelConsumptionTruck	CarbonDioxideCar	CarbonDioxideBus	CarbonDioxideTruck	NitrogenOxidesCar	NitrogenOxidesBus	NitrogenOxidesTruck	
00:30:00	1.17632346E9	0.0	1585080.5	8.988572E7	0.0	121185.39	71159.81	0.0	93.95516	
00:35:00	1.35617997E9	0.0	1779169.5	1.03630656E8	0.0	136024.23	82008.97	0.0	105.62242	
00:40:00	1.43810406E9	0.0	1840931.6	1.09894864E8	0.0	140746.2	86938.87	0.0	109.20904	
00:45:00	1.47119411E9	0.0	1909248.8	1.124252E8	0.0	145969.27	88938.67	0.0	113.730415	
00:50:00	1.48241741E9	0.0	1970057.1	1.13283552E8	0.0	150618.28	89595.234	0.0	117.56507	
00:55:00	1.48525645E9	0.0	1972838.8	1.13497744E8	0.0	150830.94	89771.84	0.0	117.90375	
01:00:00	1.48233472E9	0.0	2097887.0	1.132718E8	0.0	160391.42	89687.39	0.0	124.575485	
01:05:00	1.48275597E9	0.0	2278577.0	1.13302448E8	0.0	174205.78	89797.51	0.0	134.62283	
01:10:00	1.49015706E9	0.0	2428014.8	1.1387232E8	0.0	185630.88	90323.484	0.0	143.73082	
01:15:00	1.50206643E9	0.0	2461494.0	1.14784464E8	0.0	188190.5	91035.66	0.0	146.07822	
01:20:00	1.51441946E9	0.0	2497109.5	1.15730904E8	0.0	190913.38	91776.31	0.0	148.39398	
01:25:00	1.53293568E9	0.0	2544513.0	1.1715068E8	0.0	194537.55	92860.34	0.0	150.99951	
01:30:00	1.55700454E9	0.0	2486769.0	1.18993344E8	0.0	190122.69	94204.734	0.0	147.48288	
01:35:00	1.5792361E9	0.0	2315011.2	1.20700688E8	0.0	176991.25	95357.695	0.0	137.35533	
01:40:00	1.59390438E9	0.0	2222746.5	1.2183068E8	0.0	169937.25	95976.875	0.0	130.82988	
01:45:00	1.6035799E9	0.0	2187458.2	1.22572952E8	0.0	167239.4	96276.08	0.0	127.0298	
01:50:00	1.6181897E9	0.0	2087223.0	1.2369344E8	0.0	159576.05	96929.0	0.0	120.67638	
01:55:00	1.63067955E9	0.0	1941541.8	1.24648912E8	0.0	148438.17	97514.22	0.0	112.283775	
02:00:00	1.63641203E9	0.0	1797608.2	1.25091696E8	0.0	137433.98	97703.305	0.0	104.2355	
02:05:00	1.6619392E9	0.0	1855087.4	1.27046704E8	0.0	141828.42	98959.8	0.0	107.58146	
02:10:00	1.72217728E9	0.0	1978394.0	1.31673712E8	0.0	151255.52	102109.37	0.0	114.62042	
02:15:00	1.80086912E9	0.0	1990126.8	1.3773056E8	0.0	152152.42	106194.27	0.0	115.52089	
02:20:00	1.88782989E9	0.0	1902555.5	1.44415424E8	0.0	145457.31	110454.0	0.0	110.08028	
02:25:00	1.99279782E9	0.0	1830709.4	1.52506864E8	0.0	139964.45	115710.65	0.0	104.73184	
02:30:00	2.11631411E9	0.0	1903478.6	1.62014688E8	0.0	145527.89	121989.54	0.0	108.19236	
02:35:00	2.22559539E9	0.0	1941876.4	1.70423616E8	0.0	148463.6	127616.99	0.0	110.22941	
02:40:00	2.29881114E9	0.0	1950389.5	1.76062736E8	0.0	149114.5	131259.89	0.0	110.78249	
02:45:00	2.35656474E9	0.0	1978273.4	1.80505424E8	0.0	151246.36	134116.81	0.0	112.245125	
02:50:00	2.41206374E9	0.0	2057243.2	1.84795488E8	0.0	157283.81	137135.98	0.0	116.733894	
02:55:00	2.45251302E9	0.0	2168958.2	1.87899392E8	0.0	165824.7	139136.75	0.0	122.8724	
03:00:00	2.47880627E9	0.0	2204662.2	1.89913744E8	0.0	168554.38	140305.9	0.0	124.62471	
03:05:00	2.51263181E9	0.0	2196403.5	1.9253336E8	0.0	167922.9	141876.6	0.0	123.19473	
03:10:00	2.56602163E9	0.0	2138574.5	1.96592032E8	0.0	163501.61	144591.47	0.0	119.24521	
03:15:00	2.63377178E9	0.0	2044541.5	2.01757248E8	0.0	156312.38	148109.44	0.0	112.80311	
03:20:00	2.70053018E9	0.0	2099579.8	2.06805296E8	0.0	160520.23	151502.3	0.0	115.599304	
03:25:00	2.77074483E9	0.0	2120343.2	2.12120896E8	0.0	162107.62	155200.86	0.0	116.94147	
03:30:00	2.8376832E9	0.0	2056530.8	2.17213792E8	0.0	157228.94	158621.55	0.0	113.37099	
03:35:00	2.89111091E9	0.0	1949121.5	2.2123696E8	0.0	149017.14	161226.84	0.0	107.47267	
03:40:00	2.92808986E9	0.0	1753603.6	2.24054016E8	0.0	134069.16	163018.66	0.0	95.93254	
03:45:00	2.94738893E9	0.0	1669366.5	2.25492784E8	0.0	127629.02	163703.88	0.0	91.7785	
03:50:00	2.9628137E9	0.0	1417657.8	2.2669344E8	0.0	108385.06	164210.34	0.0	77.36593	
03:55:00	2.97508608E9	0.0	1276553.0	2.27631824E8	0.0	97597.234	164533.75	0.0	69.208145	
04:00:00	2.97843584E9	0.0	1256865.5	2.27874272E8	0.0	96092.09	164392.0	0.0	67.904495	
04:05:00	2.97361869E9	0.0	1305487.5	2.27510304E8	0.0	99809.36	163779.73	0.0	70.42814	
04:10:00	2.9552832E9	0.0	1417282.1	2.26123488E8	0.0	108356.45	162210.75	0.0	76.714294	
04:15:00	2.92313728E9	0.0	1437020.0	2.23721408E8	0.0	109865.484	160100.58	0.0	77.13084	
04:20:00	2.87982515E9	0.0	1588739.4	2.20450272E8	0.0	121464.95	157377.92	0.0	85.23549	
04:25:00	2.82857165E9	0.0	1637303.8	2.16599856E8	0.0	125177.88	154324.02	0.0	87.620445	
04:30:00	2.7856041E9	0.0	1541615.9	2.13369808E8	0.0	117862.164	151879.3	0.0	82.67272	
04:35:00	2.74700134E9	0.0	1434107.8	2.10459904E8	0.0	109642.81	149864.52	0.0	77.24675	
04:40:00	2.71367117E9	0.0	1366850.8	2.07948352E8	0.0	104500.805	148329.22	0.0	73.95183	
04:45:00	2.69218842E9	0.0	1311684.8	2.06311584E8	0.0	100283.14	147472.27	0.0	71.48481	
04:50:00	2.67718579E9	0.0	1231642.0	2.05163408E8	0.0	94163.63	147070.28	0.0	67.62334	
04:55:00	2.66955341E9	0.0	1233967.5	2.04575424E8	0.0	94341.44	147159.88	0.0	68.28078	
05:00:00	2.65746125E9	0.0	1370458.4	2.03663952E8	0.0	104776.75	147109.61	0.0	75.71759	
05:05:00	2.55909683E9	0.0	1425933.5	1.96124352E8	0.0	109018.08	141938.92	0.0	78.30966	
05:10:00	2.34355098E9	0.0	1336559.1	1.79571008E8	0.0	102185.09	130077.41	0.0	73.27592	
05:15:00	2.04948531E9	0.0	1194166.6	1.5700472E8	0.0	91298.65	113874.81	0.0	65.42156	
05:20:00	1.70176883E9	0.0	1015012.1	1.30319936E8	0.0	77601.625	94648.33	0.0	55.54039	
05:25:00	1.31232794E9	0.0	766197.3	1.00461784E8	0.0	58578.777	72979.28	0.0	41.940628	
05:30:00	9.0537427E8	0.0	459415.22	6.9254088E7	0.0	35124.1	50254.605	0.0	25.08154	
05:35:00	5.686112E8	0.0	216299.23	4.3454776E7	0.0	16536.916	31586.43	0.0	11.941858	
05:40:00	3.476656E8	0.0	91379.2	2.6553342E7	0.0	6986.293	19440.754	0.0	5.138865	
05:45:00	2.02217744E8	0.0	38177.086	1.5442818E7	0.0	2918.7866	11391.116	0.0	2.188784	
05:50:00	1.09725584E8	0.0	2726.057	8387793.5	0.0	208.418	6228.2617	0.0	0.15574095	
05:55:00	5.558672E7	0.0	0.0	4249930.0	0.0	0.0	3193.21	0.0	0.0	
06:00:00	2.5209968E7	0.0	0.0	1927405.0	0.0	0.0	1448.7173	0.0	0.0	