Time	FuelConsumptionCar	FuelConsumptionBus	FuelConsumptionTruck	CarbonDioxideCar	CarbonDioxideBus	CarbonDioxideTruck	NitrogenOxidesCar	NitrogenOxidesBus	NitrogenOxidesTruck	
00:30:00	1.13713408E9	0.0	1576940.4	8.6876696E7	0.0	120563.03	69286.96	0.0	93.74221	
00:35:00	1.31057178E9	0.0	1759952.9	1.00132064E8	0.0	134555.08	79870.81	0.0	104.71272	
00:40:00	1.38897805E9	0.0	1819801.5	1.06131744E8	0.0	139130.7	84646.38	0.0	108.23723	
00:45:00	1.4164439E9	0.0	1908310.8	1.08236624E8	0.0	145897.61	86271.35	0.0	114.22872	
00:50:00	1.42352794E9	0.0	1959332.9	1.08781752E8	0.0	149798.39	86700.83	0.0	117.17269	
00:55:00	1.42325747E9	0.0	1977165.2	1.08762384E8	0.0	151161.7	86724.31	0.0	118.33722	
01:00:00	1.41935322E9	0.0	2103236.8	1.08462752E8	0.0	160800.42	86557.21	0.0	125.35917	
01:05:00	1.41885235E9	0.0	2301656.5	1.08417472E8	0.0	175970.31	86585.67	0.0	136.83722	
01:10:00	1.42276019E9	0.0	2460851.5	1.08709832E8	0.0	188141.33	86854.88	0.0	146.45287	
01:15:00	1.43187802E9	0.0	2476855.5	1.09405528E8	0.0	189364.84	87384.266	0.0	147.22482	
01:20:00	1.4460032E9	0.0	2487351.0	1.10485312E8	0.0	190167.31	88208.805	0.0	148.01949	
01:25:00	1.46927347E9	0.0	2513408.5	1.12259624E8	0.0	192159.47	89556.516	0.0	149.38242	
01:30:00	1.49214234E9	0.0	2475337.0	1.14014536E8	0.0	189248.61	90818.5	0.0	146.91673	
01:35:00	1.51099046E9	0.0	2305139.2	1.15463184E8	0.0	176236.38	91813.266	0.0	136.68814	
01:40:00	1.52677299E9	0.0	2199666.0	1.16674536E8	0.0	168172.62	92591.16	0.0	129.28247	
01:45:00	1.53780122E9	0.0	2159188.2	1.17520736E8	0.0	165077.95	93081.414	0.0	125.28495	
01:50:00	1.5491561E9	0.0	2105441.5	1.1839552E8	0.0	160968.77	93587.68	0.0	122.0485	
01:55:00	1.55858317E9	0.0	1970308.5	1.19123744E8	0.0	150637.4	93977.26	0.0	114.48981	
02:00:00	1.57050675E9	0.0	1825346.4	1.20033864E8	0.0	139554.64	94587.65	0.0	106.31842	
02:05:00	1.59753152E9	0.0	1898435.2	1.22099616E8	0.0	145142.53	96059.984	0.0	111.0398	
02:10:00	1.65200154E9	0.0	2013649.2	1.26285704E8	0.0	153950.98	99103.84	0.0	118.11658	
02:15:00	1.71918963E9	0.0	1987432.9	1.31450456E8	0.0	151946.67	102885.08	0.0	116.98399	
02:20:00	1.79087245E9	0.0	1878632.1	1.36952976E8	0.0	143628.53	106901.63	0.0	110.20642	
02:25:00	1.86411008E9	0.0	1800834.2	1.42580512E8	0.0	137680.62	110985.98	0.0	104.68091	
02:30:00	1.94340736E9	0.0	1857345.0	1.4867184E8	0.0	142001.03	115395.35	0.0	107.58415	
02:35:00	2.01181901E9	0.0	1870303.4	1.53939904E8	0.0	142991.75	119158.08	0.0	107.82802	
02:40:00	2.04549811E9	0.0	1889973.0	1.56536064E8	0.0	144495.58	120850.05	0.0	109.06049	
02:45:00	2.06734618E9	0.0	1966221.1	1.58212064E8	0.0	150325.0	121907.016	0.0	113.93669	
02:50:00	2.08500851E9	0.0	2064413.9	1.59568736E8	0.0	157832.1	122735.484	0.0	120.03959	
02:55:00	2.09931354E9	0.0	2188139.0	1.60670224E8	0.0	167291.33	123336.445	0.0	127.46864	
03:00:00	2.10455706E9	0.0	2189711.5	1.6109184E8	0.0	167411.53	123395.69	0.0	127.450325	
03:05:00	2.12043904E9	0.0	2141732.5	1.62308912E8	0.0	163743.36	124146.96	0.0	124.64986	
03:10:00	2.15440563E9	0.0	2068467.8	1.6492672E8	0.0	158142.0	126093.484	0.0	120.19577	
03:15:00	2.18404762E9	0.0	2019866.0	1.67202624E8	0.0	154426.2	127755.06	0.0	117.51645	
03:20:00	2.2069673E9	0.0	2022023.2	1.68974496E8	0.0	154591.1	129082.45	0.0	117.34137	
03:25:00	2.22902938E9	0.0	1992214.8	1.70673568E8	0.0	152312.11	130451.305	0.0	116.26115	
03:30:00	2.25246976E9	0.0	1901201.2	1.72470912E8	0.0	145353.81	131882.73	0.0	111.33127	
03:35:00	2.26161459E9	0.0	1786463.8	1.7318048E8	0.0	136581.7	132479.86	0.0	104.48438	
03:40:00	2.25252019E9	0.0	1607500.2	1.72472048E8	0.0	122899.31	131988.16	0.0	93.906425	
03:45:00	2.24052941E9	0.0	1427129.9	1.71556992E8	0.0	109109.36	131398.39	0.0	82.76568	
03:50:00	2.23187021E9	0.0	1182575.0	1.70885456E8	0.0	90412.305	131020.05	0.0	68.58326	
03:55:00	2.22806605E9	0.0	1082617.9	1.70593264E8	0.0	82770.234	130933.55	0.0	62.20556	
04:00:00	2.22385766E9	0.0	1135376.1	1.70259008E8	0.0	86803.86	130938.33	0.0	64.94942	
04:05:00	2.20789478E9	0.0	1189163.0	1.69028336E8	0.0	90916.016	130153.86	0.0	68.12317	
04:10:00	2.17747917E9	0.0	1263227.8	1.66685328E8	0.0	96578.58	128391.16	0.0	72.65262	
04:15:00	2.13886605E9	0.0	1311298.5	1.63717984E8	0.0	100253.77	126120.875	0.0	76.14877	
04:20:00	2.09079962E9	0.0	1460423.2	1.60026048E8	0.0	111654.94	123313.95	0.0	84.49643	
04:25:00	2.03531328E9	0.0	1464632.2	1.55754912E8	0.0	111976.74	120072.69	0.0	84.75566	
04:30:00	1.9794441E9	0.0	1325073.2	1.5146928E8	0.0	101306.92	116774.91	0.0	77.27575	
04:35:00	1.93765158E9	0.0	1222630.0	1.48254192E8	0.0	93474.766	114446.836	0.0	71.50244	
04:40:00	1.90985011E9	0.0	1160940.1	1.46120832E8	0.0	88758.33	112988.625	0.0	68.05899	
04:45:00	1.89203085E9	0.0	1093945.0	1.44749088E8	0.0	83636.3	112115.75	0.0	64.31889	
04:50:00	1.88347866E9	0.0	1024788.6	1.44088992E8	0.0	78349.01	111735.67	0.0	61.265213	
04:55:00	1.87798246E9	0.0	1076187.0	1.43659712E8	0.0	82278.61	111534.5	0.0	64.85225	
05:00:00	1.87270989E9	0.0	1237380.9	1.4324976E8	0.0	94602.46	111331.25	0.0	74.15448	
05:05:00	1.79037414E9	0.0	1295370.6	1.36932352E8	0.0	99035.99	106540.46	0.0	77.49345	
05:10:00	1.59934131E9	0.0	1201650.4	1.22295904E8	0.0	91870.74	95361.414	0.0	71.66795	
05:15:00	1.3445856E9	0.0	1046881.75	1.0280376E8	0.0	80038.08	80288.22	0.0	61.907722	
05:20:00	1.05799462E9	0.0	858018.56	8.0878816E7	0.0	65598.77	63269.54	0.0	50.253098	
05:25:00	7.553152E8	0.0	613675.0	5.77347E7	0.0	46917.773	45270.812	0.0	35.72003	
05:30:00	4.47627712E8	0.0	306912.8	3.4197704E7	0.0	23464.656	26933.678	0.0	17.600079	
05:35:00	2.09964992E8	0.0	101477.375	1.6035574E7	0.0	7758.334	12682.816	0.0	5.6326685	
05:40:00	8.5891792E7	0.0	12068.567	6565402.5	0.0	922.68945	5159.214	0.0	0.5378316	
05:45:00	3.1246432E7	0.0	4430.086	2388767.0	0.0	338.69745	1855.7251	0.0	0.20803721	
05:50:00	9688376.0	0.0	0.0	740813.3	0.0	0.0	579.00244	0.0	0.0	
05:55:00	1974204.5	0.0	0.0	150935.39	0.0	0.0	119.08995	0.0	0.0	
06:00:00	116448.46	0.0	0.0	8902.932	0.0	0.0	7.468522	0.0	0.0	