Time	FuelConsumptionCar	FuelConsumptionBus	FuelConsumptionTruck	CarbonDioxideCar	CarbonDioxideBus	CarbonDioxideTruck	NitrogenOxidesCar	NitrogenOxidesBus	NitrogenOxidesTruck	
00:30:00	1.17632346E9	0.0	1585080.5	8.988572E7	0.0	121185.39	71159.81	0.0	93.95516	
00:35:00	1.35617997E9	0.0	1779169.5	1.03630656E8	0.0	136024.23	82008.97	0.0	105.62242	
00:40:00	1.43810406E9	0.0	1840931.6	1.09894864E8	0.0	140746.2	86938.87	0.0	109.20904	
00:45:00	1.47119411E9	0.0	1909248.8	1.124252E8	0.0	145969.27	88938.67	0.0	113.730415	
00:50:00	1.48241741E9	0.0	1970057.1	1.13283552E8	0.0	150618.28	89595.234	0.0	117.56507	
00:55:00	1.48525645E9	0.0	1972838.8	1.13497744E8	0.0	150830.94	89771.84	0.0	117.90375	
01:00:00	1.48233472E9	0.0	2097887.0	1.132718E8	0.0	160391.42	89687.39	0.0	124.575485	
01:05:00	1.48275597E9	0.0	2278577.0	1.13302448E8	0.0	174205.78	89797.51	0.0	134.62283	
01:10:00	1.49015706E9	0.0	2428014.8	1.1387232E8	0.0	185630.88	90323.484	0.0	143.73082	
01:15:00	1.50206643E9	0.0	2461494.0	1.14784464E8	0.0	188190.5	91035.66	0.0	146.07822	
01:20:00	1.51441946E9	0.0	2497109.5	1.15730904E8	0.0	190913.38	91776.31	0.0	148.39398	
01:25:00	1.53293568E9	0.0	2544513.0	1.1715068E8	0.0	194537.55	92860.34	0.0	150.99951	
01:30:00	1.55700454E9	0.0	2486769.0	1.18993344E8	0.0	190122.69	94204.734	0.0	147.48288	
01:35:00	1.5792361E9	0.0	2315011.2	1.20700688E8	0.0	176991.25	95357.695	0.0	137.35533	
01:40:00	1.59390438E9	0.0	2222746.5	1.2183068E8	0.0	169937.25	95976.875	0.0	130.82988	
01:45:00	1.6035799E9	0.0	2187458.2	1.22572952E8	0.0	167239.4	96276.08	0.0	127.0298	
01:50:00	1.6181897E9	0.0	2087223.0	1.2369344E8	0.0	159576.05	96929.0	0.0	120.67638	
01:55:00	1.63067955E9	0.0	1941541.8	1.24648912E8	0.0	148438.17	97514.22	0.0	112.283775	
02:00:00	1.63641203E9	0.0	1797608.2	1.25091696E8	0.0	137433.98	97703.305	0.0	104.2355	
02:05:00	1.66191872E9	0.0	1857042.8	1.27046096E8	0.0	141977.94	98959.18	0.0	107.72231	
02:10:00	1.72291226E9	0.0	1979607.0	1.31723664E8	0.0	151348.23	102169.89	0.0	114.73782	
02:15:00	1.80270579E9	0.0	1983937.2	1.3786192E8	0.0	151679.19	106338.65	0.0	115.17851	
02:20:00	1.89057894E9	0.0	1909173.5	1.44615824E8	0.0	145963.22	110675.445	0.0	110.48964	
02:25:00	1.99806874E9	0.0	1838221.5	1.5289672E8	0.0	140538.72	116130.48	0.0	105.205475	
02:30:00	2.12147622E9	0.0	1906246.8	1.62389328E8	0.0	145739.42	122393.734	0.0	108.30545	
02:35:00	2.23411277E9	0.0	1937496.2	1.7105864E8	0.0	148128.64	128210.08	0.0	109.83576	
02:40:00	2.31511936E9	0.0	1947705.5	1.77310272E8	0.0	148909.17	132403.05	0.0	110.51318	
02:45:00	2.37355648E9	0.0	1994300.2	1.81801248E8	0.0	152471.52	135340.9	0.0	112.95962	
02:50:00	2.42455219E9	0.0	2065182.0	1.85739456E8	0.0	157890.67	138055.0	0.0	117.21968	
02:55:00	2.46624691E9	0.0	2166286.8	1.88939456E8	0.0	165620.44	140084.03	0.0	122.745995	
03:00:00	2.49409024E9	0.0	2223268.5	1.91090544E8	0.0	169976.83	141401.36	0.0	125.7619	
03:05:00	2.52693043E9	0.0	2195216.8	1.93618144E8	0.0	167832.12	142978.53	0.0	123.47666	
03:10:00	2.57015757E9	0.0	2127699.2	1.96908464E8	0.0	162670.22	145040.77	0.0	119.45488	
03:15:00	2.62945178E9	0.0	2037336.5	2.01420496E8	0.0	155761.7	148034.12	0.0	113.37874	
03:20:00	2.6980585E9	0.0	2105942.8	2.06632288E8	0.0	161006.78	151508.56	0.0	116.45533	
03:25:00	2.76126925E9	0.0	2144593.5	2.11429648E8	0.0	163961.73	154791.39	0.0	118.94277	
03:30:00	2.824864E9	0.0	2063598.4	2.16252736E8	0.0	157769.34	158100.22	0.0	114.466705	
03:35:00	2.87205632E9	0.0	1950110.5	2.1983688E8	0.0	149092.77	160415.92	0.0	108.08246	
03:40:00	2.90268134E9	0.0	1750350.8	2.22170944E8	0.0	133820.5	161911.27	0.0	95.940186	
03:45:00	2.92047974E9	0.0	1639889.2	2.23537632E8	0.0	125375.39	162603.33	0.0	90.16956	
03:50:00	2.9267543E9	0.0	1363277.6	2.24035856E8	0.0	104227.56	162699.34	0.0	74.67095	
03:55:00	2.92913741E9	0.0	1204868.0	2.24210048E8	0.0	92116.625	162533.34	0.0	65.58677	
04:00:00	2.92582374E9	0.0	1199625.5	2.23938144E8	0.0	91715.94	161922.23	0.0	65.35242	
04:05:00	2.91891968E9	0.0	1267774.0	2.23392272E8	0.0	96926.17	161036.44	0.0	69.22052	
04:10:00	2.9037481E9	0.0	1351327.6	2.22229776E8	0.0	103314.15	159486.34	0.0	74.13371	
04:15:00	2.88209075E9	0.0	1344998.8	2.20599632E8	0.0	102830.26	157812.6	0.0	73.425575	
04:20:00	2.85400064E9	0.0	1461873.2	2.18460992E8	0.0	111765.71	155779.73	0.0	79.63322	
04:25:00	2.82107674E9	0.0	1526915.2	2.15988704E8	0.0	116738.42	153569.31	0.0	83.07194	
04:30:00	2.79553869E9	0.0	1433920.8	2.1409024E8	0.0	109628.64	152009.92	0.0	77.97091	
04:35:00	2.77039974E9	0.0	1327057.9	2.12202112E8	0.0	101458.57	150745.4	0.0	72.26627	
04:40:00	2.74940826E9	0.0	1296427.6	2.10630928E8	0.0	99116.79	149893.28	0.0	70.76461	
04:45:00	2.73016781E9	0.0	1271707.0	2.09170048E8	0.0	97226.83	149175.61	0.0	70.169334	
04:50:00	2.7144297E9	0.0	1221398.0	2.07981024E8	0.0	93380.56	148805.08	0.0	67.83101	
04:55:00	2.70124954E9	0.0	1216608.9	2.06978592E8	0.0	93014.43	148694.73	0.0	68.03619	
05:00:00	2.68017254E9	0.0	1314449.2	2.05384016E8	0.0	100494.7	148162.67	0.0	73.270454	
05:05:00	2.5737431E9	0.0	1357418.5	1.97224704E8	0.0	103779.875	142518.27	0.0	75.16441	
05:10:00	2.35135898E9	0.0	1263583.6	1.80141584E8	0.0	96605.81	130415.78	0.0	69.61741	
05:15:00	2.05406336E9	0.0	1147153.8	1.57323792E8	0.0	87704.3	114190.055	0.0	62.76443	
05:20:00	1.70110771E9	0.0	974820.5	1.302484E8	0.0	74528.766	94752.195	0.0	53.175888	
05:25:00	1.31020992E9	0.0	727456.6	1.00285976E8	0.0	55616.85	73100.5	0.0	39.40248	
05:30:00	8.9688653E8	0.0	439273.0	6.8596104E7	0.0	33584.117	50098.926	0.0	23.619062	
05:35:00	5.5489754E8	0.0	221132.7	4.2404692E7	0.0	16906.445	31223.748	0.0	11.930069	
05:40:00	3.283088E8	0.0	106655.375	2.5078092E7	0.0	8154.2246	18686.148	0.0	5.8543534	
05:45:00	1.79302352E8	0.0	34237.953	1.3696255E7	0.0	2617.626	10317.473	0.0	1.8759973	
05:50:00	8.7493304E7	0.0	4626.4883	6688192.0	0.0	353.7132	5141.574	0.0	0.26496762	
05:55:00	3.4846548E7	0.0	0.0	2664138.0	0.0	0.0	2107.4243	0.0	0.0	
06:00:00	1.0743278E7	0.0	0.0	821372.25	0.0	0.0	673.92615	0.0	0.0	