Time	FuelConsumptionCar	FuelConsumptionBus	FuelConsumptionTruck	CarbonDioxideCar	CarbonDioxideBus	CarbonDioxideTruck	NitrogenOxidesCar	NitrogenOxidesBus	NitrogenOxidesTruck	
00:30:00	1.19508966E9	0.0	1576384.1	9.1310384E7	0.0	120520.5	72381.29	0.0	93.1773	
00:35:00	1.37953997E9	0.0	1781605.4	1.05406592E8	0.0	136210.48	83465.266	0.0	105.59638	
00:40:00	1.46347725E9	0.0	1860003.8	1.11822552E8	0.0	142204.39	88437.47	0.0	110.303406	
00:45:00	1.49479398E9	0.0	1933994.8	1.1421752E8	0.0	147861.31	90201.59	0.0	115.20293	
00:50:00	1.50070656E9	0.0	1991961.9	1.1467012E8	0.0	152293.08	90447.02	0.0	118.822266	
00:55:00	1.49920832E9	0.0	1997255.5	1.145562E8	0.0	152697.7	90309.48	0.0	119.35646	
01:00:00	1.49396954E9	0.0	2112001.5	1.14154696E8	0.0	161470.5	90053.8	0.0	125.58155	
01:05:00	1.49497267E9	0.0	2292060.5	1.14229752E8	0.0	175236.6	90096.69	0.0	135.61235	
01:10:00	1.51030426E9	0.0	2432623.0	1.1540928E8	0.0	185983.05	90979.74	0.0	143.97293	
01:15:00	1.53838387E9	0.0	2453731.5	1.17561432E8	0.0	187596.83	92606.59	0.0	145.11485	
01:20:00	1.57463347E9	0.0	2478952.0	1.20341112E8	0.0	189524.98	94804.21	0.0	146.69792	
01:25:00	1.6125289E9	0.0	2513734.0	1.2325308E8	0.0	192184.25	96942.09	0.0	148.4776	
01:30:00	1.65657677E9	0.0	2487892.5	1.26633664E8	0.0	190208.44	99362.484	0.0	146.68398	
01:35:00	1.69464627E9	0.0	2335542.8	1.2955816E8	0.0	178560.8	101349.39	0.0	137.50877	
01:40:00	1.72335155E9	0.0	2238600.8	1.31772544E8	0.0	171149.3	102722.46	0.0	130.4248	
01:45:00	1.74560781E9	0.0	2218551.0	1.33485168E8	0.0	169616.45	103669.47	0.0	127.69101	
01:50:00	1.76957018E9	0.0	2140522.0	1.35322224E8	0.0	163650.84	104720.836	0.0	122.87464	
01:55:00	1.79528384E9	0.0	2007998.1	1.37294896E8	0.0	153518.89	105934.54	0.0	115.32901	
02:00:00	1.81127885E9	0.0	1855834.9	1.38531344E8	0.0	141885.55	106565.02	0.0	106.68103	
02:05:00	1.84948301E9	0.0	1891459.5	1.4147312E8	0.0	144609.14	108643.91	0.0	109.01895	
02:10:00	1.9178793E9	0.0	2024116.8	1.46721904E8	0.0	154751.17	112465.57	0.0	117.322205	
02:15:00	1.99936691E9	0.0	2016927.2	1.52989792E8	0.0	154201.4	117072.51	0.0	117.2462	
02:20:00	2.08625536E9	0.0	1925018.2	1.59674816E8	0.0	147174.7	121842.14	0.0	111.17168	
02:25:00	2.18139981E9	0.0	1879688.0	1.6698688E8	0.0	143709.08	127162.16	0.0	107.70361	
02:30:00	2.27914829E9	0.0	1942370.5	1.744904E8	0.0	148501.33	132429.02	0.0	110.96715	
02:35:00	2.36294784E9	0.0	1973903.0	1.80928448E8	0.0	150912.1	136807.8	0.0	112.34195	
02:40:00	2.41569843E9	0.0	1993758.5	1.8499392E8	0.0	152430.16	139458.06	0.0	113.209885	
02:45:00	2.45572992E9	0.0	2091241.5	1.88063648E8	0.0	159883.08	141318.81	0.0	119.123314	
02:50:00	2.48758016E9	0.0	2153947.2	1.90516224E8	0.0	164677.1	142722.36	0.0	123.02958	
02:55:00	2.50760704E9	0.0	2224299.5	1.92067568E8	0.0	170055.64	143374.16	0.0	126.88216	
03:00:00	2.52394803E9	0.0	2222755.0	1.93341776E8	0.0	169937.55	143890.16	0.0	126.14501	
03:05:00	2.55377485E9	0.0	2205484.8	1.95640848E8	0.0	168617.22	145247.25	0.0	124.5396	
03:10:00	2.60197478E9	0.0	2128688.0	1.99323616E8	0.0	162745.81	147606.06	0.0	119.71644	
03:15:00	2.65764787E9	0.0	2024502.2	2.03576064E8	0.0	154780.53	150383.94	0.0	113.811714	
03:20:00	2.71334656E9	0.0	2070640.0	2.0781656E8	0.0	158307.86	153318.12	0.0	116.13043	
03:25:00	2.76609792E9	0.0	2089473.8	2.11821568E8	0.0	159747.73	155986.66	0.0	117.28413	
03:30:00	2.82280192E9	0.0	2032541.0	2.1614688E8	0.0	155395.03	158993.69	0.0	114.50979	
03:35:00	2.8662633E9	0.0	1870752.0	2.19417712E8	0.0	143025.62	161225.1	0.0	105.41675	
03:40:00	2.89115494E9	0.0	1657129.6	2.2127528E8	0.0	126693.47	162421.1	0.0	93.02539	
03:45:00	2.90620877E9	0.0	1499120.8	2.22410816E8	0.0	114613.16	163248.62	0.0	83.619865	
03:50:00	2.91124685E9	0.0	1240649.2	2.2278192E8	0.0	94852.19	163408.25	0.0	69.0302	
03:55:00	2.91192038E9	0.0	1099229.0	2.22826432E8	0.0	84040.195	163511.77	0.0	60.802513	
04:00:00	2.91193856E9	0.0	1146244.8	2.22809504E8	0.0	87634.72	163637.66	0.0	63.59028	
04:05:00	2.89367962E9	0.0	1260188.2	2.21432176E8	0.0	96346.15	162644.81	0.0	70.1007	
04:10:00	2.85230541E9	0.0	1344526.8	2.18308608E8	0.0	102794.16	160403.73	0.0	74.88433	
04:15:00	2.79243494E9	0.0	1375771.6	2.1377744E8	0.0	105182.92	156937.44	0.0	76.27936	
04:20:00	2.73362662E9	0.0	1525118.0	2.09320608E8	0.0	116601.016	153650.81	0.0	84.35725	
04:25:00	2.6708608E9	0.0	1581064.8	2.04539456E8	0.0	120878.37	150220.61	0.0	87.50731	
04:30:00	2.60592077E9	0.0	1449935.1	1.99605632E8	0.0	110853.05	146687.0	0.0	80.09526	
04:35:00	2.54593408E9	0.0	1326938.5	1.95031856E8	0.0	101449.5	143582.48	0.0	73.520164	
04:40:00	2.49623066E9	0.0	1281843.0	1.91224352E8	0.0	98001.766	141126.5	0.0	71.41896	
04:45:00	2.45923507E9	0.0	1214381.4	1.88385952E8	0.0	92844.09	139618.38	0.0	67.97611	
04:50:00	2.42211328E9	0.0	1172869.0	1.85525056E8	0.0	89670.28	138062.0	0.0	66.8589	
04:55:00	2.39142118E9	0.0	1203399.6	1.83171264E8	0.0	92004.47	136905.19	0.0	69.60622	
05:00:00	2.35510118E9	0.0	1355445.6	1.8036048E8	0.0	103628.99	135555.33	0.0	78.85495	
05:05:00	2.2360791E9	0.0	1388973.1	1.71225056E8	0.0	106192.3	129391.25	0.0	81.15012	
05:10:00	1.99769421E9	0.0	1299039.5	1.52941728E8	0.0	99316.53	116122.336	0.0	75.96141	
05:15:00	1.68429158E9	0.0	1156252.0	1.28902304E8	0.0	88399.87	98250.47	0.0	67.739456	
05:20:00	1.33227571E9	0.0	932657.7	1.01941912E8	0.0	71305.25	78027.7	0.0	54.353203	
05:25:00	9.6336205E8	0.0	665567.44	7.3693488E7	0.0	50885.188	56629.496	0.0	38.78806	
05:30:00	5.9491802E8	0.0	334663.12	4.5485768E7	0.0	25586.281	35088.914	0.0	19.492716	
05:35:00	3.069936E8	0.0	128650.23	2.3454536E7	0.0	9835.806	18163.176	0.0	7.336357	
05:40:00	1.45159872E8	0.0	24798.447	1.1089673E7	0.0	1895.9384	8582.012	0.0	1.4063628	
05:45:00	6.2719228E7	0.0	0.0	4795259.5	0.0	0.0	3686.721	0.0	0.0	
05:50:00	2.49986E7	0.0	0.0	1911208.0	0.0	0.0	1457.0016	0.0	0.0	
05:55:00	9506878.0	0.0	0.0	726923.75	0.0	0.0	542.8546	0.0	0.0	
06:00:00	3298321.8	0.0	0.0	252171.5	0.0	0.0	186.05466	0.0	0.0	