Time	FuelConsumptionCar	FuelConsumptionBus	FuelConsumptionTruck	CarbonDioxideCar	CarbonDioxideBus	CarbonDioxideTruck	NitrogenOxidesCar	NitrogenOxidesBus	NitrogenOxidesTruck	
00:30:00	1.17632346E9	0.0	1585080.5	8.988572E7	0.0	121185.39	71159.81	0.0	93.95516	
00:35:00	1.35617997E9	0.0	1779169.5	1.03630656E8	0.0	136024.23	82008.97	0.0	105.62242	
00:40:00	1.43810406E9	0.0	1840931.6	1.09894864E8	0.0	140746.2	86938.87	0.0	109.20904	
00:45:00	1.47119411E9	0.0	1909248.8	1.124252E8	0.0	145969.27	88938.67	0.0	113.730415	
00:50:00	1.48241741E9	0.0	1970057.1	1.13283552E8	0.0	150618.28	89595.234	0.0	117.56507	
00:55:00	1.48525645E9	0.0	1972838.8	1.13497744E8	0.0	150830.94	89771.84	0.0	117.90375	
01:00:00	1.48233472E9	0.0	2097887.0	1.132718E8	0.0	160391.42	89687.39	0.0	124.575485	
01:05:00	1.48275597E9	0.0	2278577.0	1.13302448E8	0.0	174205.78	89797.51	0.0	134.62283	
01:10:00	1.49015706E9	0.0	2428014.8	1.1387232E8	0.0	185630.88	90323.484	0.0	143.73082	
01:15:00	1.50206643E9	0.0	2461494.0	1.14784464E8	0.0	188190.5	91035.66	0.0	146.07822	
01:20:00	1.51441946E9	0.0	2497109.5	1.15730904E8	0.0	190913.38	91776.31	0.0	148.39398	
01:25:00	1.53293568E9	0.0	2544513.0	1.1715068E8	0.0	194537.55	92860.34	0.0	150.99951	
01:30:00	1.55700454E9	0.0	2486769.0	1.18993344E8	0.0	190122.69	94204.734	0.0	147.48288	
01:35:00	1.5792361E9	0.0	2315011.2	1.20700688E8	0.0	176991.25	95357.695	0.0	137.35533	
01:40:00	1.59390438E9	0.0	2222746.5	1.2183068E8	0.0	169937.25	95976.875	0.0	130.82988	
01:45:00	1.6035799E9	0.0	2187458.2	1.22572952E8	0.0	167239.4	96276.08	0.0	127.0298	
01:50:00	1.6181897E9	0.0	2087223.0	1.2369344E8	0.0	159576.05	96929.0	0.0	120.67638	
01:55:00	1.63067955E9	0.0	1941541.8	1.24648912E8	0.0	148438.17	97514.22	0.0	112.283775	
02:00:00	1.63641203E9	0.0	1797608.2	1.25091696E8	0.0	137433.98	97703.305	0.0	104.2355	
02:05:00	1.66193882E9	0.0	1855438.9	1.27046576E8	0.0	141855.3	98960.805	0.0	107.60131	
02:10:00	1.7217047E9	0.0	1978307.2	1.31633024E8	0.0	151248.88	102080.8	0.0	114.62845	
02:15:00	1.79922957E9	0.0	1986206.2	1.375996E8	0.0	151852.69	106065.44	0.0	115.31583	
02:20:00	1.88740224E9	0.0	1907907.0	1.44388304E8	0.0	145866.45	110407.86	0.0	110.40933	
02:25:00	1.99278733E9	0.0	1828444.5	1.5251528E8	0.0	139791.28	115681.14	0.0	104.6454	
02:30:00	2.11602816E9	0.0	1901495.5	1.62011456E8	0.0	145376.23	121937.38	0.0	108.08103	
02:35:00	2.22565018E9	0.0	1945578.2	1.70456464E8	0.0	148746.58	127575.734	0.0	110.1974	
02:40:00	2.29949594E9	0.0	1971953.8	1.7616584E8	0.0	150763.16	131217.16	0.0	111.51886	
02:45:00	2.35699046E9	0.0	2017018.4	1.8059104E8	0.0	154208.47	134043.7	0.0	113.902435	
02:50:00	2.41247539E9	0.0	2089214.9	1.8486608E8	0.0	159728.1	136969.75	0.0	117.940186	
02:55:00	2.45927706E9	0.0	2207920.8	1.88469984E8	0.0	168803.52	139293.05	0.0	124.30893	
03:00:00	2.4888553E9	0.0	2243960.8	1.90747456E8	0.0	171558.86	140642.5	0.0	126.12773	
03:05:00	2.52599578E9	0.0	2239244.2	1.93612096E8	0.0	171198.22	142455.53	0.0	125.40811	
03:10:00	2.58002458E9	0.0	2169240.0	1.97711472E8	0.0	165846.1	145222.42	0.0	120.85548	
03:15:00	2.64872653E9	0.0	2058433.5	2.02940672E8	0.0	157374.48	148843.55	0.0	113.86923	
03:20:00	2.71579008E9	0.0	2127260.0	2.08008768E8	0.0	162636.44	152245.53	0.0	117.87549	
03:25:00	2.78074189E9	0.0	2146958.0	2.12915008E8	0.0	164142.38	155678.12	0.0	119.090996	
03:30:00	2.84773171E9	0.0	2077782.1	2.179816E8	0.0	158853.7	159150.6	0.0	115.363884	
03:35:00	2.89936717E9	0.0	1930181.9	2.2185216E8	0.0	147569.14	161553.86	0.0	106.87245	
03:40:00	2.93519258E9	0.0	1722946.5	2.24561472E8	0.0	131725.36	163199.19	0.0	94.97003	
03:45:00	2.9541417E9	0.0	1633661.5	2.25986272E8	0.0	124899.33	163840.98	0.0	89.85662	
03:50:00	2.96797594E9	0.0	1368915.8	2.27071056E8	0.0	104658.664	164343.03	0.0	74.32568	
03:55:00	2.9816553E9	0.0	1245361.4	2.28068608E8	0.0	95212.58	164707.67	0.0	67.50873	
04:00:00	2.9894103E9	0.0	1255739.9	2.28603824E8	0.0	96006.0	164674.05	0.0	67.82361	
04:05:00	2.99107072E9	0.0	1329358.5	2.28725728E8	0.0	101634.38	164310.2	0.0	71.79437	
04:10:00	2.98073395E9	0.0	1417530.5	2.27943616E8	0.0	108375.41	163173.81	0.0	76.73867	
04:15:00	2.95910886E9	0.0	1437777.0	2.26334368E8	0.0	109923.27	161574.27	0.0	77.284775	
04:20:00	2.92581862E9	0.0	1576097.5	2.23803792E8	0.0	120498.36	159230.89	0.0	84.55757	
04:25:00	2.88348698E9	0.0	1630114.1	2.20652528E8	0.0	124628.12	156494.31	0.0	87.150055	
04:30:00	2.84843981E9	0.0	1533335.8	2.18055008E8	0.0	117229.08	154429.25	0.0	81.567856	
04:35:00	2.81835494E9	0.0	1446340.0	2.1580912E8	0.0	110578.0	152916.92	0.0	76.813225	
04:40:00	2.79350579E9	0.0	1414913.0	2.13951424E8	0.0	108175.32	151816.4	0.0	75.45372	
04:45:00	2.77321216E9	0.0	1368803.2	2.12422304E8	0.0	104650.07	151005.03	0.0	73.72734	
04:50:00	2.75592397E9	0.0	1284703.1	2.11119168E8	0.0	98220.34	150506.9	0.0	69.51902	
04:55:00	2.74212966E9	0.0	1298887.2	2.10081408E8	0.0	99304.766	150379.7	0.0	70.76487	
05:00:00	2.72349952E9	0.0	1417590.5	2.0868256E8	0.0	108380.1	150062.69	0.0	77.539795	
05:05:00	2.61707341E9	0.0	1440416.0	2.00540128E8	0.0	110125.16	144503.08	0.0	78.74532	
05:10:00	2.39436442E9	0.0	1352518.0	1.83451312E8	0.0	103405.016	132375.38	0.0	73.639206	
05:15:00	2.09697229E9	0.0	1220247.5	1.60619408E8	0.0	93292.48	116098.74	0.0	66.287834	
05:20:00	1.74773696E9	0.0	1049210.2	1.338236E8	0.0	80216.04	96902.97	0.0	56.975597	
05:25:00	1.35596416E9	0.0	766589.75	1.0378496E8	0.0	58608.68	75182.414	0.0	41.531044	
05:30:00	9.4291917E8	0.0	450951.94	7.2125328E7	0.0	34476.984	52168.855	0.0	24.334015	
05:35:00	6.0072787E8	0.0	225235.6	4.5908144E7	0.0	17220.129	33304.195	0.0	12.222713	
05:40:00	3.72320064E8	0.0	96076.32	2.8435308E7	0.0	7345.414	20797.36	0.0	5.2823534	
05:45:00	2.1960096E8	0.0	32847.93	1.6769527E7	0.0	2511.3523	12373.219	0.0	1.8253679	
05:50:00	1.20826136E8	0.0	0.0	9235324.0	0.0	0.0	6899.2646	0.0	0.0	
05:55:00	6.3222664E7	0.0	0.0	4833829.0	0.0	0.0	3693.7168	0.0	0.0	
06:00:00	3.0009704E7	0.0	0.0	2294294.8	0.0	0.0	1803.9059	0.0	0.0	