Time	FuelConsumptionCar	FuelConsumptionBus	FuelConsumptionTruck	CarbonDioxideCar	CarbonDioxideBus	CarbonDioxideTruck	NitrogenOxidesCar	NitrogenOxidesBus	NitrogenOxidesTruck	
00:30:00	1.19766144E9	0.0	1585068.8	9.1513328E7	0.0	121184.43	72636.055	0.0	93.57057	
00:35:00	1.3845632E9	0.0	1778489.2	1.0579568E8	0.0	135972.19	83946.97	0.0	105.04795	
00:40:00	1.46862323E9	0.0	1845177.8	1.12222528E8	0.0	141070.8	89001.586	0.0	109.0244	
00:45:00	1.49934669E9	0.0	1926217.0	1.14569632E8	0.0	147266.56	90812.64	0.0	114.46876	
00:50:00	1.50557978E9	0.0	1989347.0	1.15044528E8	0.0	152093.06	91140.625	0.0	118.511635	
00:55:00	1.50292198E9	0.0	1990337.1	1.14835448E8	0.0	152168.77	90961.164	0.0	118.67788	
01:00:00	1.49266944E9	0.0	2100218.5	1.14056288E8	0.0	160569.66	90346.72	0.0	124.57028	
01:05:00	1.4873431E9	0.0	2293389.8	1.1364504E8	0.0	175338.28	90033.65	0.0	135.47945	
01:10:00	1.4909065E9	0.0	2438148.5	1.13919816E8	0.0	186405.56	90205.91	0.0	144.11288	
01:15:00	1.50393331E9	0.0	2460460.8	1.14917808E8	0.0	188111.38	90934.35	0.0	145.51346	
01:20:00	1.52249523E9	0.0	2494677.8	1.1634204E8	0.0	190727.34	92060.76	0.0	147.7687	
01:25:00	1.54208627E9	0.0	2538313.0	1.17847936E8	0.0	194063.33	93148.62	0.0	150.37775	
01:30:00	1.56641306E9	0.0	2487132.8	1.19706832E8	0.0	190150.34	94485.77	0.0	147.24646	
01:35:00	1.58905178E9	0.0	2306091.8	1.21443E8	0.0	176309.14	95673.94	0.0	136.72688	
01:40:00	1.60501555E9	0.0	2215439.0	1.22663568E8	0.0	169378.47	96378.11	0.0	130.234	
01:45:00	1.61638502E9	0.0	2176299.5	1.235382E8	0.0	166386.14	96787.69	0.0	126.24293	
01:50:00	1.6298057E9	0.0	2085791.8	1.24572912E8	0.0	159466.52	97233.84	0.0	120.48419	
01:55:00	1.64424243E9	0.0	1944414.1	1.25683128E8	0.0	148657.73	97786.02	0.0	112.44998	
02:00:00	1.66124467E9	0.0	1815244.4	1.2698744E8	0.0	138782.3	98563.08	0.0	105.437325	
02:05:00	1.6924087E9	0.0	1880197.8	1.293816E8	0.0	143748.23	100188.66	0.0	109.361595	
02:10:00	1.75178893E9	0.0	1990546.8	1.33952304E8	0.0	152184.75	103505.83	0.0	116.090675	
02:15:00	1.8256791E9	0.0	1983354.5	1.39634864E8	0.0	151634.84	107676.695	0.0	116.02872	
02:20:00	1.90301798E9	0.0	1889813.9	1.4557512E8	0.0	144483.34	112003.39	0.0	110.22994	
02:25:00	1.98806682E9	0.0	1808551.0	1.5211576E8	0.0	138270.52	116720.78	0.0	104.46933	
02:30:00	2.07419034E9	0.0	1857354.4	1.58756144E8	0.0	142001.7	121284.1	0.0	106.63378	
02:35:00	2.1508905E9	0.0	1869190.8	1.64668368E8	0.0	142906.61	125341.336	0.0	106.52105	
02:40:00	2.20352922E9	0.0	1865769.5	1.687324E8	0.0	142645.06	127980.44	0.0	106.21638	
02:45:00	2.23918131E9	0.0	1957718.4	1.71480496E8	0.0	149674.9	129453.06	0.0	111.89951	
02:50:00	2.27454848E9	0.0	2057795.6	1.74204864E8	0.0	157326.14	130987.484	0.0	118.00511	
02:55:00	2.30352205E9	0.0	2174714.2	1.76452576E8	0.0	166264.97	132263.33	0.0	124.37163	
03:00:00	2.33011302E9	0.0	2205205.5	1.7848112E8	0.0	168596.14	133605.64	0.0	125.707954	
03:05:00	2.36662656E9	0.0	2203757.8	1.81267456E8	0.0	168485.48	135588.28	0.0	125.77077	
03:10:00	2.41231334E9	0.0	2159671.8	1.84764032E8	0.0	165114.9	138144.92	0.0	122.880196	
03:15:00	2.46176205E9	0.0	2056347.0	1.88566048E8	0.0	157215.4	141061.6	0.0	116.379486	
03:20:00	2.50229786E9	0.0	2062579.4	1.91688944E8	0.0	157691.9	143385.34	0.0	116.2022	
03:25:00	2.54371098E9	0.0	2094581.0	1.94852576E8	0.0	160138.5	145657.33	0.0	118.683105	
03:30:00	2.58182451E9	0.0	2041383.5	1.97792928E8	0.0	156071.3	147874.53	0.0	115.965645	
03:35:00	2.58968576E9	0.0	1895752.0	1.98421088E8	0.0	144937.22	148141.8	0.0	107.48476	
03:40:00	2.57127936E9	0.0	1728809.9	1.9702288E8	0.0	132173.92	146895.2	0.0	97.943146	
03:45:00	2.55661722E9	0.0	1576924.6	1.9590416E8	0.0	120561.7	145972.31	0.0	89.19905	
03:50:00	2.54273766E9	0.0	1309595.0	1.94833904E8	0.0	100123.375	145233.36	0.0	73.70953	
03:55:00	2.52365568E9	0.0	1167423.6	1.9337424E8	0.0	89253.914	144377.47	0.0	65.3079	
04:00:00	2.50682496E9	0.0	1164936.8	1.92089088E8	0.0	89063.84	143465.69	0.0	65.287125	
04:05:00	2.50126387E9	0.0	1220738.1	1.91649616E8	0.0	93330.06	143376.61	0.0	68.712265	
04:10:00	2.48605696E9	0.0	1293754.8	1.90466704E8	0.0	98912.47	142748.16	0.0	73.28001	
04:15:00	2.4460247E9	0.0	1318767.4	1.87382576E8	0.0	100824.81	140650.2	0.0	75.26001	
04:20:00	2.39269146E9	0.0	1458297.0	1.832848E8	0.0	111492.42	137906.4	0.0	83.46731	
04:25:00	2.332096E9	0.0	1461478.1	1.78624224E8	0.0	111735.625	134767.7	0.0	83.58104	
04:30:00	2.2727465E9	0.0	1301461.2	1.74045568E8	0.0	99501.734	131879.95	0.0	74.95268	
04:35:00	2.21335373E9	0.0	1204323.2	1.69476816E8	0.0	92075.17	128945.484	0.0	69.62038	
04:40:00	2.1730944E9	0.0	1131504.8	1.66371904E8	0.0	86507.93	127134.11	0.0	65.61907	
04:45:00	2.14926234E9	0.0	1087715.6	1.64528576E8	0.0	83160.07	126230.07	0.0	63.10031	
04:50:00	2.13408589E9	0.0	1051619.6	1.63358784E8	0.0	80400.37	125773.77	0.0	61.953922	
04:55:00	2.12015462E9	0.0	1107500.8	1.62281056E8	0.0	84672.7	125150.695	0.0	66.26823	
05:00:00	2.10273088E9	0.0	1289590.2	1.60936192E8	0.0	98594.08	124264.41	0.0	76.807304	
05:05:00	2.0040951E9	0.0	1363632.6	1.53356864E8	0.0	104254.88	118641.78	0.0	81.07919	
05:10:00	1.78902118E9	0.0	1259889.2	1.36873952E8	0.0	96323.29	106103.164	0.0	74.659935	
05:15:00	1.5020023E9	0.0	1098269.1	1.14895256E8	0.0	83966.81	89249.07	0.0	64.799484	
05:20:00	1.18047424E9	0.0	897933.2	9.0276848E7	0.0	68650.375	70222.08	0.0	52.486053	
05:25:00	8.4942592E8	0.0	644891.2	6.4938256E7	0.0	49304.324	50715.797	0.0	37.209248	
05:30:00	5.11760576E8	0.0	341141.44	3.9100304E7	0.0	26081.555	30709.414	0.0	19.390356	
05:35:00	2.5017088E8	0.0	109050.31	1.9107604E7	0.0	8337.323	15084.621	0.0	5.870857	
05:40:00	1.07478064E8	0.0	26947.031	8212409.0	0.0	2060.207	6484.669	0.0	1.2434329	
05:45:00	3.9475092E7	0.0	13689.462	3018031.8	0.0	1046.613	2372.7007	0.0	0.5960946	
05:50:00	1.2441154E7	0.0	7358.743	951253.4	0.0	562.6046	745.4	0.0	0.34629452	
05:55:00	3078150.5	0.0	0.0	235343.17	0.0	0.0	185.07062	0.0	0.0	
06:00:00	478422.94	0.0	0.0	36577.266	0.0	0.0	30.86745	0.0	0.0	