Time	FuelConsumptionCar	FuelConsumptionBus	FuelConsumptionTruck	CarbonDioxideCar	CarbonDioxideBus	CarbonDioxideTruck	NitrogenOxidesCar	NitrogenOxidesBus	NitrogenOxidesTruck	
00:30:00	1.19508966E9	0.0	1576384.1	9.1310384E7	0.0	120520.5	72381.29	0.0	93.1773	
00:35:00	1.37953997E9	0.0	1781605.4	1.05406592E8	0.0	136210.48	83465.266	0.0	105.59638	
00:40:00	1.46347725E9	0.0	1860003.8	1.11822552E8	0.0	142204.39	88437.47	0.0	110.303406	
00:45:00	1.49479398E9	0.0	1933994.8	1.1421752E8	0.0	147861.31	90201.59	0.0	115.20293	
00:50:00	1.50070656E9	0.0	1991961.9	1.1467012E8	0.0	152293.08	90447.02	0.0	118.822266	
00:55:00	1.49920832E9	0.0	1997255.5	1.145562E8	0.0	152697.7	90309.48	0.0	119.35646	
01:00:00	1.49396954E9	0.0	2112001.5	1.14154696E8	0.0	161470.5	90053.8	0.0	125.58155	
01:05:00	1.49497267E9	0.0	2292060.5	1.14229752E8	0.0	175236.6	90096.69	0.0	135.61235	
01:10:00	1.51030426E9	0.0	2432623.0	1.1540928E8	0.0	185983.05	90979.74	0.0	143.97293	
01:15:00	1.53838387E9	0.0	2453731.5	1.17561432E8	0.0	187596.83	92606.59	0.0	145.11485	
01:20:00	1.57464883E9	0.0	2478716.5	1.20343056E8	0.0	189507.02	94805.54	0.0	146.6811	
01:25:00	1.6126464E9	0.0	2511857.8	1.23259216E8	0.0	192040.84	96949.16	0.0	148.42981	
01:30:00	1.65678029E9	0.0	2489347.5	1.2664652E8	0.0	190319.73	99377.17	0.0	146.91612	
01:35:00	1.69391437E9	0.0	2328065.8	1.29503424E8	0.0	177989.19	101330.28	0.0	137.08794	
01:40:00	1.72301389E9	0.0	2238739.5	1.3174628E8	0.0	171159.95	102734.8	0.0	130.30035	
01:45:00	1.74585958E9	0.0	2227191.5	1.33510056E8	0.0	170277.06	103737.58	0.0	128.10144	
01:50:00	1.76973606E9	0.0	2149235.5	1.35344832E8	0.0	164317.0	104765.44	0.0	123.27721	
01:55:00	1.7939296E9	0.0	2020799.5	1.37205616E8	0.0	154497.58	105884.71	0.0	116.000244	
02:00:00	1.81011187E9	0.0	1865825.2	1.38453856E8	0.0	142649.36	106509.234	0.0	107.18346	
02:05:00	1.8511159E9	0.0	1906574.8	1.41598736E8	0.0	145764.73	108729.87	0.0	109.817825	
02:10:00	1.91878925E9	0.0	2023465.1	1.46798416E8	0.0	154701.31	112486.05	0.0	117.21526	
02:15:00	1.99717837E9	0.0	2010454.6	1.52826096E8	0.0	153706.56	116868.625	0.0	116.74159	
02:20:00	2.08035366E9	0.0	1921485.2	1.59217696E8	0.0	146904.53	121396.664	0.0	110.87604	
02:25:00	2.17455514E9	0.0	1854737.2	1.66453376E8	0.0	141801.42	126657.22	0.0	106.02472	
02:30:00	2.27143808E9	0.0	1933656.5	1.73889136E8	0.0	147835.02	131893.72	0.0	110.206436	
02:35:00	2.35465267E9	0.0	1996812.5	1.80292176E8	0.0	152663.62	136216.08	0.0	113.68196	
02:40:00	2.41107456E9	0.0	2005241.5	1.84643808E8	0.0	153308.1	139023.81	0.0	114.110794	
02:45:00	2.45829248E9	0.0	2073619.5	1.88277184E8	0.0	158535.83	141308.02	0.0	118.46132	
02:50:00	2.49527859E9	0.0	2143738.8	1.91134256E8	0.0	163896.69	142999.64	0.0	122.830284	
02:55:00	2.5208599E9	0.0	2226291.5	1.93123824E8	0.0	170208.06	143965.1	0.0	127.32442	
03:00:00	2.54226022E9	0.0	2214865.0	1.94790288E8	0.0	169334.45	144765.83	0.0	125.86417	
03:05:00	2.57373619E9	0.0	2181013.8	1.97211264E8	0.0	166746.38	146137.66	0.0	123.21884	
03:10:00	2.62000358E9	0.0	2097960.5	2.00725312E8	0.0	160396.55	148352.16	0.0	117.54879	
03:15:00	2.67304422E9	0.0	1996182.6	2.04767088E8	0.0	152615.3	151102.56	0.0	110.9422	
03:20:00	2.7271383E9	0.0	2060693.5	2.08871072E8	0.0	157547.28	153965.1	0.0	114.20644	
03:25:00	2.77602586E9	0.0	2111760.2	2.12571008E8	0.0	161451.47	156407.67	0.0	117.5531	
03:30:00	2.82831667E9	0.0	2060135.1	2.16545424E8	0.0	157504.52	159124.61	0.0	115.196976	
03:35:00	2.87054669E9	0.0	1901387.6	2.19732432E8	0.0	145367.69	161378.02	0.0	106.4238	
03:40:00	2.89444403E9	0.0	1711865.4	2.21527472E8	0.0	130878.15	162690.36	0.0	95.74712	
03:45:00	2.90418765E9	0.0	1593962.4	2.22263248E8	0.0	121864.125	163144.94	0.0	89.41084	
03:50:00	2.90721382E9	0.0	1299172.5	2.22498336E8	0.0	99326.49	163202.02	0.0	72.78032	
03:55:00	2.91249178E9	0.0	1144084.6	2.22883072E8	0.0	87469.58	163624.3	0.0	63.916454	
04:00:00	2.91482061E9	0.0	1158532.2	2.2303816E8	0.0	88574.2	163896.75	0.0	64.63334	
04:05:00	2.8969024E9	0.0	1232586.8	2.2167744E8	0.0	94235.91	162919.88	0.0	68.82013	
04:10:00	2.85392947E9	0.0	1333129.2	2.18424464E8	0.0	101922.766	160523.3	0.0	74.91213	
04:15:00	2.79523891E9	0.0	1332484.4	2.13977792E8	0.0	101873.43	157128.69	0.0	74.49282	
04:20:00	2.73938611E9	0.0	1483410.0	2.09741536E8	0.0	113412.266	154073.72	0.0	82.716064	
04:25:00	2.6705065E9	0.0	1532610.0	2.0448976E8	0.0	117173.8	150244.52	0.0	85.04853	
04:30:00	2.59908915E9	0.0	1398836.2	1.9907888E8	0.0	106946.305	146396.72	0.0	77.73513	
04:35:00	2.53356621E9	0.0	1289238.0	1.94083696E8	0.0	98567.125	142994.94	0.0	71.80811	
04:40:00	2.48310195E9	0.0	1240033.6	1.90228288E8	0.0	94805.28	140455.83	0.0	69.16994	
04:45:00	2.44881971E9	0.0	1186422.4	1.87578032E8	0.0	90706.51	139017.52	0.0	66.50017	
04:50:00	2.41117184E9	0.0	1154222.5	1.84688096E8	0.0	88244.7	137358.66	0.0	65.92134	
04:55:00	2.38592589E9	0.0	1183186.5	1.8277584E8	0.0	90459.13	136520.48	0.0	68.70321	
05:00:00	2.35484544E9	0.0	1338089.0	1.80370464E8	0.0	102302.01	135438.47	0.0	78.129	
05:05:00	2.23693133E9	0.0	1383142.9	1.7131152E8	0.0	105746.555	129313.36	0.0	80.937965	
05:10:00	2.00112486E9	0.0	1272534.5	1.5322048E8	0.0	97290.13	116231.164	0.0	74.59267	
05:15:00	1.68625446E9	0.0	1127310.2	1.2907944E8	0.0	86187.2	98326.64	0.0	66.15243	
05:20:00	1.3330199E9	0.0	901483.94	1.02008936E8	0.0	68921.91	78041.72	0.0	52.615284	
05:25:00	9.6145504E8	0.0	628629.25	7.3547336E7	0.0	48061.11	56483.477	0.0	36.644264	
05:30:00	5.9338784E8	0.0	319458.75	4.5362E7	0.0	24423.86	34977.36	0.0	18.53139	
05:35:00	3.09172928E8	0.0	109947.58	2.3621324E7	0.0	8405.925	18292.697	0.0	6.203838	
05:40:00	1.47169984E8	0.0	18971.682	1.1242864E7	0.0	1450.4602	8697.841	0.0	1.0184689	
05:45:00	6.5400624E7	0.0	0.0	5000242.0	0.0	0.0	3836.3215	0.0	0.0	
05:50:00	2.8977888E7	0.0	0.0	2215277.5	0.0	0.0	1697.377	0.0	0.0	
05:55:00	1.2894658E7	0.0	0.0	985948.56	0.0	0.0	768.47327	0.0	0.0	
06:00:00	4863276.0	0.0	0.0	371829.0	0.0	0.0	291.9425	0.0	0.0	