Time	FuelConsumptionCar	FuelConsumptionBus	FuelConsumptionTruck	CarbonDioxideCar	CarbonDioxideBus	CarbonDioxideTruck	NitrogenOxidesCar	NitrogenOxidesBus	NitrogenOxidesTruck	
00:30:00	1.13713408E9	0.0	1576940.4	8.6876696E7	0.0	120563.03	69286.96	0.0	93.74221	
00:35:00	1.31057178E9	0.0	1759952.9	1.00132064E8	0.0	134555.08	79870.81	0.0	104.71272	
00:40:00	1.38897805E9	0.0	1819801.5	1.06131744E8	0.0	139130.7	84646.38	0.0	108.23723	
00:45:00	1.4164439E9	0.0	1908310.8	1.08236624E8	0.0	145897.61	86271.35	0.0	114.22872	
00:50:00	1.42352794E9	0.0	1959332.9	1.08781752E8	0.0	149798.39	86700.83	0.0	117.17269	
00:55:00	1.42325747E9	0.0	1977165.2	1.08762384E8	0.0	151161.7	86724.31	0.0	118.33722	
01:00:00	1.41935322E9	0.0	2103236.8	1.08462752E8	0.0	160800.42	86557.21	0.0	125.35917	
01:05:00	1.41885235E9	0.0	2301656.5	1.08417472E8	0.0	175970.31	86585.67	0.0	136.83722	
01:10:00	1.42276019E9	0.0	2460851.5	1.08709832E8	0.0	188141.33	86854.88	0.0	146.45287	
01:15:00	1.43187802E9	0.0	2476855.5	1.09405528E8	0.0	189364.84	87384.266	0.0	147.22482	
01:20:00	1.4460032E9	0.0	2487351.0	1.10485312E8	0.0	190167.31	88208.805	0.0	148.01949	
01:25:00	1.46927347E9	0.0	2513408.5	1.12259624E8	0.0	192159.47	89556.516	0.0	149.38242	
01:30:00	1.49214234E9	0.0	2475337.0	1.14014536E8	0.0	189248.61	90818.5	0.0	146.91673	
01:35:00	1.51099046E9	0.0	2305139.2	1.15463184E8	0.0	176236.38	91813.266	0.0	136.68814	
01:40:00	1.52677299E9	0.0	2199666.0	1.16674536E8	0.0	168172.62	92591.16	0.0	129.28247	
01:45:00	1.53780122E9	0.0	2159188.2	1.17520736E8	0.0	165077.95	93081.414	0.0	125.28495	
01:50:00	1.5491561E9	0.0	2105441.5	1.1839552E8	0.0	160968.77	93587.68	0.0	122.0485	
01:55:00	1.55858317E9	0.0	1970308.5	1.19123744E8	0.0	150637.4	93977.26	0.0	114.48981	
02:00:00	1.57050675E9	0.0	1825346.4	1.20033864E8	0.0	139554.64	94587.65	0.0	106.31842	
02:05:00	1.59753152E9	0.0	1898435.2	1.22099616E8	0.0	145142.53	96059.984	0.0	111.0398	
02:10:00	1.65200154E9	0.0	2013649.2	1.26285704E8	0.0	153950.98	99103.84	0.0	118.11658	
02:15:00	1.71918963E9	0.0	1987432.9	1.31450456E8	0.0	151946.67	102885.08	0.0	116.98399	
02:20:00	1.79087245E9	0.0	1878632.1	1.36952976E8	0.0	143628.53	106901.63	0.0	110.20642	
02:25:00	1.86411008E9	0.0	1800834.2	1.42580512E8	0.0	137680.62	110985.98	0.0	104.68091	
02:30:00	1.94340736E9	0.0	1857345.0	1.4867184E8	0.0	142001.03	115395.35	0.0	107.58415	
02:35:00	2.01181901E9	0.0	1870303.4	1.53939904E8	0.0	142991.75	119158.08	0.0	107.82802	
02:40:00	2.04549811E9	0.0	1889973.0	1.56536064E8	0.0	144495.58	120850.05	0.0	109.06049	
02:45:00	2.06734618E9	0.0	1966221.1	1.58212064E8	0.0	150325.0	121907.016	0.0	113.93669	
02:50:00	2.08500851E9	0.0	2064413.9	1.59568736E8	0.0	157832.1	122735.484	0.0	120.03959	
02:55:00	2.09931354E9	0.0	2188139.0	1.60670224E8	0.0	167291.33	123336.445	0.0	127.46864	
03:00:00	2.10455706E9	0.0	2189711.5	1.6109184E8	0.0	167411.53	123395.69	0.0	127.450325	
03:05:00	2.12021402E9	0.0	2144713.5	1.62293536E8	0.0	163971.27	124134.47	0.0	124.92264	
03:10:00	2.15199693E9	0.0	2076139.2	1.64741984E8	0.0	158728.45	125909.33	0.0	120.97069	
03:15:00	2.18258253E9	0.0	2005375.8	1.67095168E8	0.0	153318.3	127563.64	0.0	116.79932	
03:20:00	2.20618573E9	0.0	2000637.2	1.68923168E8	0.0	152955.97	128868.02	0.0	116.15399	
03:25:00	2.2308352E9	0.0	1996865.0	1.70821248E8	0.0	152667.52	130364.08	0.0	116.66603	
03:30:00	2.25687014E9	0.0	1929479.9	1.72821536E8	0.0	147515.72	131907.38	0.0	113.038345	
03:35:00	2.26614118E9	0.0	1801052.8	1.73547888E8	0.0	137697.0	132498.3	0.0	105.32426	
03:40:00	2.2582935E9	0.0	1621537.2	1.72940464E8	0.0	123972.445	132075.11	0.0	94.40626	
03:45:00	2.24733901E9	0.0	1460931.8	1.72099328E8	0.0	111693.63	131507.31	0.0	84.922806	
03:50:00	2.24262067E9	0.0	1209547.8	1.71724112E8	0.0	92474.484	131342.06	0.0	70.383644	
03:55:00	2.2433065E9	0.0	1080273.8	1.71774432E8	0.0	82591.08	131510.6	0.0	62.087536	
04:00:00	2.24081306E9	0.0	1106019.2	1.71569296E8	0.0	84559.414	131630.88	0.0	63.3743	
04:05:00	2.22860134E9	0.0	1186603.2	1.70616208E8	0.0	90720.36	131075.58	0.0	67.93667	
04:10:00	2.19948109E9	0.0	1249510.2	1.68372592E8	0.0	95529.84	129412.1	0.0	71.90671	
04:15:00	2.16139315E9	0.0	1298679.4	1.65448208E8	0.0	99289.01	127255.73	0.0	75.20579	
04:20:00	2.1113024E9	0.0	1464580.2	1.61602832E8	0.0	111972.766	124380.71	0.0	84.834366	
04:25:00	2.05003008E9	0.0	1471501.1	1.56894528E8	0.0	112501.914	120754.086	0.0	85.14725	
04:30:00	1.99100442E9	0.0	1332801.2	1.52362944E8	0.0	101897.766	117213.91	0.0	77.60884	
04:35:00	1.94840128E9	0.0	1212118.8	1.49091232E8	0.0	92671.16	114777.516	0.0	71.13591	
04:40:00	1.92262234E9	0.0	1160691.2	1.47108528E8	0.0	88739.305	113423.266	0.0	68.20522	
04:45:00	1.90288691E9	0.0	1102626.0	1.45587904E8	0.0	84300.016	112419.336	0.0	65.08907	
04:50:00	1.89374387E9	0.0	1030637.9	1.44884224E8	0.0	78796.23	111973.94	0.0	61.662025	
04:55:00	1.88844467E9	0.0	1072364.2	1.44471408E8	0.0	81986.336	111779.84	0.0	64.848114	
05:00:00	1.88462976E9	0.0	1231938.0	1.44175008E8	0.0	94186.37	111670.84	0.0	74.154434	
05:05:00	1.8041865E9	0.0	1295068.5	1.37999072E8	0.0	99012.92	106985.32	0.0	77.47206	
05:10:00	1.61620045E9	0.0	1195660.2	1.23594784E8	0.0	91412.79	95970.9	0.0	71.504395	
05:15:00	1.36518938E9	0.0	1036162.9	1.04387136E8	0.0	79218.6	81135.13	0.0	61.335667	
05:20:00	1.08115814E9	0.0	846300.2	8.2656128E7	0.0	64702.875	64339.156	0.0	49.58697	
05:25:00	7.7929824E8	0.0	610912.25	5.9567676E7	0.0	46706.586	46489.61	0.0	35.60373	
05:30:00	4.69692672E8	0.0	310698.16	3.5883952E7	0.0	23754.064	28111.15	0.0	17.85927	
05:35:00	2.27514352E8	0.0	100614.65	1.7374662E7	0.0	7692.3804	13668.01	0.0	5.6966996	
05:40:00	9.80844E7	0.0	14425.305	7496005.0	0.0	1102.8721	5884.243	0.0	0.6883397	
05:45:00	3.9233192E7	0.0	4037.0657	2999456.2	0.0	308.64944	2352.2607	0.0	0.197656	
05:50:00	1.3145006E7	0.0	0.0	1005059.4	0.0	0.0	800.33435	0.0	0.0	
05:55:00	3020633.8	0.0	0.0	230946.67	0.0	0.0	180.34622	0.0	0.0	
06:00:00	555425.0	0.0	0.0	42464.27	0.0	0.0	33.987785	0.0	0.0	