Time	FuelConsumptionCar	FuelConsumptionBus	FuelConsumptionTruck	CarbonDioxideCar	CarbonDioxideBus	CarbonDioxideTruck	NitrogenOxidesCar	NitrogenOxidesBus	NitrogenOxidesTruck	
00:30:00	1.17632346E9	0.0	1585080.5	8.988572E7	0.0	121185.39	71159.81	0.0	93.95516	
00:35:00	1.35617997E9	0.0	1779169.5	1.03630656E8	0.0	136024.23	82008.97	0.0	105.62242	
00:40:00	1.43810406E9	0.0	1840931.6	1.09894864E8	0.0	140746.2	86938.87	0.0	109.20904	
00:45:00	1.47119411E9	0.0	1909248.8	1.124252E8	0.0	145969.27	88938.67	0.0	113.730415	
00:50:00	1.48241741E9	0.0	1970057.1	1.13283552E8	0.0	150618.28	89595.234	0.0	117.56507	
00:55:00	1.48525645E9	0.0	1972838.8	1.13497744E8	0.0	150830.94	89771.84	0.0	117.90375	
01:00:00	1.48233472E9	0.0	2097887.0	1.132718E8	0.0	160391.42	89687.39	0.0	124.575485	
01:05:00	1.48275597E9	0.0	2278577.0	1.13302448E8	0.0	174205.78	89797.51	0.0	134.62283	
01:10:00	1.49015706E9	0.0	2428014.8	1.1387232E8	0.0	185630.88	90323.484	0.0	143.73082	
01:15:00	1.50206643E9	0.0	2461494.0	1.14784464E8	0.0	188190.5	91035.66	0.0	146.07822	
01:20:00	1.51441946E9	0.0	2497109.5	1.15730904E8	0.0	190913.38	91776.31	0.0	148.39398	
01:25:00	1.53293568E9	0.0	2544513.0	1.1715068E8	0.0	194537.55	92860.34	0.0	150.99951	
01:30:00	1.55700454E9	0.0	2486769.0	1.18993344E8	0.0	190122.69	94204.734	0.0	147.48288	
01:35:00	1.5792361E9	0.0	2315011.2	1.20700688E8	0.0	176991.25	95357.695	0.0	137.35533	
01:40:00	1.59390438E9	0.0	2222746.5	1.2183068E8	0.0	169937.25	95976.875	0.0	130.82988	
01:45:00	1.6035799E9	0.0	2187458.2	1.22572952E8	0.0	167239.4	96276.08	0.0	127.0298	
01:50:00	1.6181897E9	0.0	2087223.0	1.2369344E8	0.0	159576.05	96929.0	0.0	120.67638	
01:55:00	1.63067955E9	0.0	1941541.8	1.24648912E8	0.0	148438.17	97514.22	0.0	112.283775	
02:00:00	1.63641203E9	0.0	1797608.2	1.25091696E8	0.0	137433.98	97703.305	0.0	104.2355	
02:05:00	1.66193638E9	0.0	1854544.8	1.27048256E8	0.0	141786.92	98960.43	0.0	107.55972	
02:10:00	1.72144896E9	0.0	1988001.5	1.31615472E8	0.0	151990.03	102062.83	0.0	115.27745	
02:15:00	1.79868621E9	0.0	1984763.5	1.37558176E8	0.0	151742.38	106027.58	0.0	115.27765	
02:20:00	1.88583898E9	0.0	1903208.2	1.44265808E8	0.0	145507.22	110296.96	0.0	110.1702	
02:25:00	1.99186573E9	0.0	1812858.2	1.524436E8	0.0	138599.66	115615.875	0.0	103.74818	
02:30:00	2.11616038E9	0.0	1897100.5	1.62003088E8	0.0	145040.25	121932.45	0.0	107.79274	
02:35:00	2.22695296E9	0.0	1940762.0	1.70543424E8	0.0	148378.4	127688.914	0.0	110.00664	
02:40:00	2.3028288E9	0.0	1941178.2	1.76394656E8	0.0	148410.27	131483.23	0.0	109.948555	
02:45:00	2.35807309E9	0.0	1996873.4	1.8065856E8	0.0	152668.42	134232.27	0.0	113.12494	
02:50:00	2.41290547E9	0.0	2068698.8	1.84893392E8	0.0	158159.66	137139.39	0.0	117.34177	
02:55:00	2.45260902E9	0.0	2225527.5	1.8794736E8	0.0	170149.72	139036.72	0.0	126.06934	
03:00:00	2.47890586E9	0.0	2249240.5	1.8998768E8	0.0	171962.62	140217.8	0.0	127.114334	
03:05:00	2.51609088E9	0.0	2234724.0	1.92824144E8	0.0	170852.77	141942.95	0.0	126.09512	
03:10:00	2.57277491E9	0.0	2172096.5	1.97122784E8	0.0	166064.58	144851.39	0.0	121.978874	
03:15:00	2.64630042E9	0.0	2096236.6	2.02694448E8	0.0	160264.78	148723.3	0.0	116.62635	
03:20:00	2.7171671E9	0.0	2174907.5	2.08041984E8	0.0	166279.4	152358.3	0.0	120.69539	
03:25:00	2.7894423E9	0.0	2145878.2	2.1351232E8	0.0	164060.05	156158.95	0.0	119.429794	
03:30:00	2.85434752E9	0.0	2063115.8	2.1840344E8	0.0	157732.58	159460.31	0.0	114.973755	
03:35:00	2.90483507E9	0.0	1939236.0	2.22228736E8	0.0	148261.53	161898.66	0.0	107.53318	
03:40:00	2.93521254E9	0.0	1755188.6	2.24544096E8	0.0	134190.6	163269.02	0.0	96.95422	
03:45:00	2.94659763E9	0.0	1611363.0	2.25412912E8	0.0	123194.65	163485.4	0.0	89.27034	
03:50:00	2.95089536E9	0.0	1318778.8	2.25757712E8	0.0	100825.58	163395.75	0.0	72.714066	
03:55:00	2.95321549E9	0.0	1188336.2	2.25915488E8	0.0	90852.81	163293.53	0.0	65.003334	
04:00:00	2.95981645E9	0.0	1201149.2	2.26406272E8	0.0	91832.414	163385.27	0.0	65.50479	
04:05:00	2.95513523E9	0.0	1266685.5	2.2604496E8	0.0	96842.875	162740.22	0.0	68.79688	
04:10:00	2.94098714E9	0.0	1329538.5	2.24975776E8	0.0	101648.164	161421.45	0.0	72.01195	
04:15:00	2.92461312E9	0.0	1354376.8	2.23740384E8	0.0	103547.13	160169.47	0.0	72.616455	
04:20:00	2.89820058E9	0.0	1523021.8	2.21732304E8	0.0	116440.664	158315.69	0.0	81.380585	
04:25:00	2.85687194E9	0.0	1590372.8	2.18648704E8	0.0	121589.86	155607.36	0.0	84.639366	
04:30:00	2.81217024E9	0.0	1506235.6	2.15324032E8	0.0	115157.266	152898.22	0.0	79.96084	
04:35:00	2.77475379E9	0.0	1412331.2	2.12526672E8	0.0	107977.95	150836.48	0.0	75.09795	
04:40:00	2.74665498E9	0.0	1380336.1	2.1042344E8	0.0	105531.85	149468.97	0.0	73.567276	
04:45:00	2.72787866E9	0.0	1368113.5	2.09027552E8	0.0	104597.42	148695.5	0.0	73.90077	
04:50:00	2.71486643E9	0.0	1292327.9	2.08071008E8	0.0	98803.33	148405.86	0.0	70.71715	
04:55:00	2.71273165E9	0.0	1293238.0	2.07908576E8	0.0	98872.96	148839.08	0.0	71.50194	
05:00:00	2.70933606E9	0.0	1408092.4	2.0765064E8	0.0	107653.99	149213.25	0.0	77.926956	
05:05:00	2.61877197E9	0.0	1444251.5	2.00705584E8	0.0	110418.54	144329.48	0.0	79.861305	
05:10:00	2.41202304E9	0.0	1358915.8	1.84830096E8	0.0	103894.3	132885.67	0.0	75.31616	
05:15:00	2.12497446E9	0.0	1185566.8	1.62797248E8	0.0	90641.09	117018.74	0.0	65.60999	
05:20:00	1.78368768E9	0.0	978710.06	1.36592928E8	0.0	74826.125	98057.51	0.0	53.762146	
05:25:00	1.40209971E9	0.0	723511.5	1.07321296E8	0.0	55315.227	76789.23	0.0	39.73533	
05:30:00	9.9727987E8	0.0	411705.44	7.627872E7	0.0	31476.494	54202.06	0.0	22.723967	
05:35:00	6.6011744E8	0.0	175964.44	5.043124E7	0.0	13453.162	35670.07	0.0	9.900274	
05:40:00	4.30940672E8	0.0	53306.477	3.2892564E7	0.0	4075.4868	23174.336	0.0	3.127676	
05:45:00	2.74251008E8	0.0	11820.416	2.0920812E7	0.0	903.7167	14522.275	0.0	0.7002284	
05:50:00	1.71908096E8	0.0	0.0	1.313006E7	0.0	0.0	8876.286	0.0	0.0	
05:55:00	1.10050384E8	0.0	0.0	8413473.0	0.0	0.0	5425.4673	0.0	0.0	
06:00:00	7.703664E7	0.0	0.0	5890254.5	0.0	0.0	3550.7761	0.0	0.0	