Time	FuelConsumptionCar	FuelConsumptionBus	FuelConsumptionTruck	CarbonDioxideCar	CarbonDioxideBus	CarbonDioxideTruck	NitrogenOxidesCar	NitrogenOxidesBus	NitrogenOxidesTruck	
00:30:00	1.19508966E9	0.0	1576384.1	9.1310384E7	0.0	120520.5	72381.29	0.0	93.1773	
00:35:00	1.37953997E9	0.0	1781605.4	1.05406592E8	0.0	136210.48	83465.266	0.0	105.59638	
00:40:00	1.46347725E9	0.0	1860003.8	1.11822552E8	0.0	142204.39	88437.47	0.0	110.303406	
00:45:00	1.49479398E9	0.0	1933994.8	1.1421752E8	0.0	147861.31	90201.59	0.0	115.20293	
00:50:00	1.50070656E9	0.0	1991961.9	1.1467012E8	0.0	152293.08	90447.02	0.0	118.822266	
00:55:00	1.49920832E9	0.0	1997255.5	1.145562E8	0.0	152697.7	90309.48	0.0	119.35646	
01:00:00	1.49396954E9	0.0	2112001.5	1.14154696E8	0.0	161470.5	90053.8	0.0	125.58155	
01:05:00	1.49497267E9	0.0	2292060.5	1.14229752E8	0.0	175236.6	90096.69	0.0	135.61235	
01:10:00	1.51030426E9	0.0	2432623.0	1.1540928E8	0.0	185983.05	90979.74	0.0	143.97293	
01:15:00	1.53838387E9	0.0	2453731.5	1.17561432E8	0.0	187596.83	92606.59	0.0	145.11485	
01:20:00	1.57464294E9	0.0	2478716.5	1.2034264E8	0.0	189507.02	94805.12	0.0	146.6811	
01:25:00	1.6121001E9	0.0	2511857.8	1.232178E8	0.0	192040.84	96906.42	0.0	148.42981	
01:30:00	1.65510323E9	0.0	2490081.5	1.26519512E8	0.0	190375.84	99243.234	0.0	146.9541	
01:35:00	1.6911639E9	0.0	2328201.8	1.29294112E8	0.0	177999.6	101100.06	0.0	137.10219	
01:40:00	1.71921357E9	0.0	2238562.2	1.31456616E8	0.0	171146.4	102403.17	0.0	130.29572	
01:45:00	1.74187533E9	0.0	2226849.5	1.33206424E8	0.0	170250.9	103342.97	0.0	128.07205	
01:50:00	1.76796314E9	0.0	2149974.5	1.35207536E8	0.0	164373.5	104479.67	0.0	123.30936	
01:55:00	1.7967913E9	0.0	2021687.2	1.37422512E8	0.0	154565.44	105865.516	0.0	116.006165	
02:00:00	1.8171776E9	0.0	1865749.0	1.38990032E8	0.0	142643.47	106721.38	0.0	107.146255	
02:05:00	1.86163098E9	0.0	1907136.9	1.42405232E8	0.0	145807.67	109173.586	0.0	109.825485	
02:10:00	1.93251712E9	0.0	2019692.8	1.47855456E8	0.0	154412.89	113126.26	0.0	116.94293	
02:15:00	2.0128608E9	0.0	2010123.0	1.54033312E8	0.0	153681.2	117659.49	0.0	116.69736	
02:20:00	2.09514829E9	0.0	1921669.5	1.6036608E8	0.0	146918.62	122156.87	0.0	110.924286	
02:25:00	2.18643584E9	0.0	1863377.5	1.67378384E8	0.0	142462.05	127231.766	0.0	106.669846	
02:30:00	2.28332621E9	0.0	1946499.0	1.74816672E8	0.0	148816.95	132487.8	0.0	111.096344	
02:35:00	2.3630464E9	0.0	1976699.9	1.80935136E8	0.0	151125.92	136556.78	0.0	112.24533	
02:40:00	2.41638656E9	0.0	2015327.6	1.85036224E8	0.0	154079.2	139211.69	0.0	114.48742	
02:45:00	2.46194432E9	0.0	2087470.8	1.88547776E8	0.0	159594.9	141397.14	0.0	119.127495	
02:50:00	2.5032855E9	0.0	2141378.0	1.91727856E8	0.0	163716.23	143376.94	0.0	122.45541	
02:55:00	2.52913997E9	0.0	2226212.0	1.93730976E8	0.0	170202.02	144289.3	0.0	126.87635	
03:00:00	2.54934963E9	0.0	2231128.2	1.95311664E8	0.0	170577.81	144983.7	0.0	126.08947	
03:05:00	2.58293018E9	0.0	2249352.0	1.97896528E8	0.0	171971.03	146538.53	0.0	126.95358	
03:10:00	2.631008E9	0.0	2183121.2	2.01552288E8	0.0	166907.31	148827.5	0.0	122.33785	
03:15:00	2.68276762E9	0.0	2086343.9	2.05479168E8	0.0	159508.31	151340.64	0.0	116.3808	
03:20:00	2.73181696E9	0.0	2153129.0	2.09194544E8	0.0	164614.17	153803.52	0.0	119.684845	
03:25:00	2.78394496E9	0.0	2168317.8	2.1314632E8	0.0	165775.44	156537.94	0.0	121.29631	
03:30:00	2.8353513E9	0.0	2071548.2	2.17049568E8	0.0	158377.16	159269.11	0.0	116.69495	
03:35:00	2.87913498E9	0.0	1884862.9	2.20380192E8	0.0	144104.42	161615.34	0.0	106.22109	
03:40:00	2.90484019E9	0.0	1643550.2	2.22311936E8	0.0	125655.32	163005.42	0.0	92.501434	
03:45:00	2.91840307E9	0.0	1503989.6	2.23347296E8	0.0	114985.45	163836.47	0.0	84.26138	
03:50:00	2.92335027E9	0.0	1238004.8	2.23743904E8	0.0	94650.12	164127.08	0.0	69.275696	
03:55:00	2.91922586E9	0.0	1113976.1	2.23440544E8	0.0	85167.76	163901.36	0.0	61.81938	
04:00:00	2.9212009E9	0.0	1160930.0	2.235664E8	0.0	88757.55	164109.62	0.0	64.42649	
04:05:00	2.89792461E9	0.0	1238755.0	2.2179872E8	0.0	94707.55	162804.02	0.0	68.751625	
04:10:00	2.8541655E9	0.0	1329669.9	2.1851696E8	0.0	101658.336	160381.66	0.0	74.28339	
04:15:00	2.79293184E9	0.0	1344498.9	2.1387008E8	0.0	102792.06	156922.45	0.0	74.83767	
04:20:00	2.7288297E9	0.0	1484754.4	2.08999568E8	0.0	113515.086	153426.67	0.0	82.40694	
04:25:00	2.66007757E9	0.0	1524020.6	2.0374416E8	0.0	116517.15	149676.34	0.0	84.298225	
04:30:00	2.58241254E9	0.0	1392981.0	1.97826528E8	0.0	106498.68	145548.17	0.0	77.00924	
04:35:00	2.51829043E9	0.0	1287179.2	1.92918752E8	0.0	98409.75	142278.05	0.0	71.287125	
04:40:00	2.46893568E9	0.0	1249110.4	1.89129248E8	0.0	95499.23	139799.78	0.0	69.155876	
04:45:00	2.43287936E9	0.0	1198678.5	1.86356144E8	0.0	91643.516	138191.73	0.0	66.83585	
04:50:00	2.40302694E9	0.0	1161640.4	1.84044736E8	0.0	88811.81	136938.67	0.0	66.23561	
04:55:00	2.37559424E9	0.0	1186381.2	1.81941104E8	0.0	90703.34	135973.72	0.0	68.86902	
05:00:00	2.34847002E9	0.0	1342234.8	1.79862256E8	0.0	102618.95	135075.16	0.0	78.276985	
05:05:00	2.23406899E9	0.0	1393074.1	1.7107664E8	0.0	106505.836	129094.41	0.0	81.67084	
05:10:00	1.99736717E9	0.0	1294968.9	1.52915072E8	0.0	99005.33	115944.68	0.0	76.177765	
05:15:00	1.68962842E9	0.0	1129839.2	1.29314544E8	0.0	86380.55	98432.89	0.0	66.619194	
05:20:00	1.34058586E9	0.0	902067.56	1.02576784E8	0.0	68966.55	78375.53	0.0	52.879177	
05:25:00	9.7887539E8	0.0	640291.0	7.4879144E7	0.0	48952.71	57433.15	0.0	37.5127	
05:30:00	6.1277018E8	0.0	320113.9	4.68487E7	0.0	24473.955	36044.375	0.0	18.835701	
05:35:00	3.26863392E8	0.0	106464.88	2.4974228E7	0.0	8139.655	19289.164	0.0	6.1180315	
05:40:00	1.62990592E8	0.0	9880.069	1.245078E7	0.0	755.3696	9654.076	0.0	0.5770607	
05:45:00	7.55032E7	0.0	0.0	5772154.0	0.0	0.0	4491.5	0.0	0.0	
05:50:00	3.2730464E7	0.0	0.0	2502298.2	0.0	0.0	1959.8856	0.0	0.0	
05:55:00	1.3389044E7	0.0	0.0	1023749.6	0.0	0.0	818.1759	0.0	0.0	
06:00:00	5204164.0	0.0	0.0	397895.5	0.0	0.0	333.73587	0.0	0.0	