Time	FuelConsumptionCar	FuelConsumptionBus	FuelConsumptionTruck	CarbonDioxideCar	CarbonDioxideBus	CarbonDioxideTruck	NitrogenOxidesCar	NitrogenOxidesBus	NitrogenOxidesTruck	
00:30:00	1.19508966E9	0.0	1576384.1	9.1310384E7	0.0	120520.5	72381.29	0.0	93.1773	
00:35:00	1.37953997E9	0.0	1781605.4	1.05406592E8	0.0	136210.48	83465.266	0.0	105.59638	
00:40:00	1.46347725E9	0.0	1860003.8	1.11822552E8	0.0	142204.39	88437.47	0.0	110.303406	
00:45:00	1.49479398E9	0.0	1933994.8	1.1421752E8	0.0	147861.31	90201.59	0.0	115.20293	
00:50:00	1.50070656E9	0.0	1991961.9	1.1467012E8	0.0	152293.08	90447.02	0.0	118.822266	
00:55:00	1.49920832E9	0.0	1997255.5	1.145562E8	0.0	152697.7	90309.48	0.0	119.35646	
01:00:00	1.49396954E9	0.0	2112001.5	1.14154696E8	0.0	161470.5	90053.8	0.0	125.58155	
01:05:00	1.49497267E9	0.0	2292060.5	1.14229752E8	0.0	175236.6	90096.69	0.0	135.61235	
01:10:00	1.51030426E9	0.0	2432623.0	1.1540928E8	0.0	185983.05	90979.74	0.0	143.97293	
01:15:00	1.53838387E9	0.0	2453731.5	1.17561432E8	0.0	187596.83	92606.59	0.0	145.11485	
01:20:00	1.57464256E9	0.0	2477997.2	1.20341184E8	0.0	189451.98	94804.125	0.0	146.6386	
01:25:00	1.61145126E9	0.0	2505757.5	1.23172168E8	0.0	191574.38	96862.22	0.0	147.9674	
01:30:00	1.65443098E9	0.0	2482720.5	1.26472264E8	0.0	189813.02	99182.625	0.0	146.26598	
01:35:00	1.69107405E9	0.0	2340950.2	1.29283888E8	0.0	178974.2	101033.67	0.0	137.71582	
01:40:00	1.7213737E9	0.0	2235745.5	1.31618304E8	0.0	170930.98	102466.64	0.0	130.06296	
01:45:00	1.74536346E9	0.0	2207872.8	1.3346872E8	0.0	168800.0	103479.695	0.0	126.75845	
01:50:00	1.77356954E9	0.0	2135495.2	1.3563072E8	0.0	163266.47	104772.41	0.0	122.22634	
01:55:00	1.8047616E9	0.0	2011593.9	1.38021856E8	0.0	153793.8	106330.0	0.0	115.359055	
02:00:00	1.82347648E9	0.0	1867112.9	1.39464304E8	0.0	142747.77	107156.83	0.0	107.29735	
02:05:00	1.86779328E9	0.0	1892160.0	1.42868224E8	0.0	144662.66	109746.69	0.0	108.74063	
02:10:00	1.93537126E9	0.0	2027982.2	1.48058064E8	0.0	155046.64	113589.24	0.0	117.07942	
02:15:00	2.01303142E9	0.0	2042911.6	1.54028896E8	0.0	156188.02	118029.2	0.0	118.322395	
02:20:00	2.08850099E9	0.0	1965059.9	1.5984112E8	0.0	150235.97	122158.766	0.0	113.12359	
02:25:00	2.1711977E9	0.0	1899119.4	1.66202128E8	0.0	145194.61	126795.7	0.0	108.27329	
02:30:00	2.26011648E9	0.0	1974667.5	1.73038624E8	0.0	150970.56	131633.36	0.0	112.21631	
02:35:00	2.33219149E9	0.0	2017590.5	1.785868E8	0.0	154252.17	135317.7	0.0	114.42357	
02:40:00	2.37802163E9	0.0	2033054.8	1.82122208E8	0.0	155434.55	137527.06	0.0	115.42446	
02:45:00	2.41596314E9	0.0	2078897.8	1.85040128E8	0.0	158939.48	139229.94	0.0	118.39787	
02:50:00	2.44900198E9	0.0	2136875.0	1.87593632E8	0.0	163371.98	140693.95	0.0	122.14819	
02:55:00	2.4772713E9	0.0	2244354.8	1.8977872E8	0.0	171589.11	141766.7	0.0	127.984375	
03:00:00	2.50130842E9	0.0	2233015.2	1.91631728E8	0.0	170722.11	142633.58	0.0	126.5854	
03:05:00	2.53953766E9	0.0	2204469.2	1.9456504E8	0.0	168539.62	144258.47	0.0	124.516495	
03:10:00	2.59950131E9	0.0	2133703.5	1.9913688E8	0.0	163129.25	147174.7	0.0	120.15139	
03:15:00	2.66658074E9	0.0	2056849.6	2.04238736E8	0.0	157253.42	150631.16	0.0	115.6255	
03:20:00	2.73322496E9	0.0	2095046.1	2.09303824E8	0.0	160173.61	154117.11	0.0	116.97769	
03:25:00	2.79250355E9	0.0	2109540.0	2.13816592E8	0.0	161281.66	157170.45	0.0	118.19684	
03:30:00	2.85050086E9	0.0	2032635.4	2.18246432E8	0.0	155402.05	160205.98	0.0	114.41388	
03:35:00	2.89359923E9	0.0	1897102.8	2.21517168E8	0.0	145040.16	162489.03	0.0	106.4702	
03:40:00	2.91768294E9	0.0	1691969.8	2.2333664E8	0.0	129357.05	163753.53	0.0	94.07898	
03:45:00	2.9295849E9	0.0	1557196.8	2.24259264E8	0.0	119053.234	164391.06	0.0	86.065765	
03:50:00	2.9347177E9	0.0	1292097.4	2.24648896E8	0.0	98785.56	164649.84	0.0	71.45961	
03:55:00	2.9356695E9	0.0	1150756.1	2.2470912E8	0.0	87979.67	164756.53	0.0	63.243664	
04:00:00	2.94121421E9	0.0	1203236.2	2.25096016E8	0.0	91991.984	165257.7	0.0	66.355034	
04:05:00	2.91840563E9	0.0	1272636.0	2.23371392E8	0.0	97297.87	164085.73	0.0	70.76192	
04:10:00	2.87043584E9	0.0	1340448.6	2.19727088E8	0.0	102482.44	161478.78	0.0	75.23198	
04:15:00	2.80129126E9	0.0	1346559.0	2.14480736E8	0.0	102949.57	157456.83	0.0	75.411766	
04:20:00	2.73306573E9	0.0	1491070.2	2.09283536E8	0.0	113998.0	153663.22	0.0	83.31471	
04:25:00	2.66539571E9	0.0	1530208.5	2.04129376E8	0.0	116990.24	149927.94	0.0	85.49373	
04:30:00	2.59122432E9	0.0	1395759.2	1.984952E8	0.0	106711.07	145896.3	0.0	77.74217	
04:35:00	2.53130931E9	0.0	1274041.2	1.93915984E8	0.0	97405.266	142787.44	0.0	70.976685	
04:40:00	2.48415795E9	0.0	1251353.6	1.90320896E8	0.0	95670.71	140483.8	0.0	69.606255	
04:45:00	2.44937779E9	0.0	1201260.5	1.87629344E8	0.0	91840.9	139129.33	0.0	66.92205	
04:50:00	2.41347302E9	0.0	1181935.8	1.84875904E8	0.0	90363.445	137606.36	0.0	67.112976	
04:55:00	2.3810345E9	0.0	1212399.9	1.82379664E8	0.0	92692.55	136438.56	0.0	69.83137	
05:00:00	2.34717952E9	0.0	1346142.1	1.79769168E8	0.0	102917.7	135208.08	0.0	78.06034	
05:05:00	2.22891981E9	0.0	1407401.6	1.70678736E8	0.0	107601.25	129039.78	0.0	81.95935	
05:10:00	1.99126835E9	0.0	1306370.6	1.52439264E8	0.0	99877.05	115780.41	0.0	76.37944	
05:15:00	1.68174272E9	0.0	1148535.0	1.28709664E8	0.0	87809.92	98120.11	0.0	67.47075	
05:20:00	1.3336745E9	0.0	910097.25	1.02047936E8	0.0	69580.45	78100.55	0.0	53.112328	
05:25:00	9.6608128E8	0.0	646313.25	7.3898224E7	0.0	49413.17	56691.57	0.0	37.681797	
05:30:00	5.9880691E8	0.0	337857.06	4.5778036E7	0.0	25830.5	35206.023	0.0	19.742981	
05:35:00	3.1538048E8	0.0	121248.06	2.4097332E7	0.0	9269.885	18574.355	0.0	7.0109715	
05:40:00	1.53683984E8	0.0	15606.949	1.1740374E7	0.0	1193.2119	9026.477	0.0	0.9051786	
05:45:00	7.07554E7	0.0	0.0	5409564.0	0.0	0.0	4100.399	0.0	0.0	
05:50:00	3.332716E7	0.0	0.0	2547814.5	0.0	0.0	1880.9067	0.0	0.0	
05:55:00	1.719916E7	0.0	0.0	1315154.1	0.0	0.0	947.96014	0.0	0.0	
06:00:00	9411428.0	0.0	0.0	719592.75	0.0	0.0	490.339	0.0	0.0	