Time	FuelConsumptionCar	FuelConsumptionBus	FuelConsumptionTruck	CarbonDioxideCar	CarbonDioxideBus	CarbonDioxideTruck	NitrogenOxidesCar	NitrogenOxidesBus	NitrogenOxidesTruck	
00:30:00	1.13713408E9	0.0	1576940.4	8.6876696E7	0.0	120563.03	69286.96	0.0	93.74221	
00:35:00	1.31057178E9	0.0	1759952.9	1.00132064E8	0.0	134555.08	79870.81	0.0	104.71272	
00:40:00	1.38897805E9	0.0	1819801.5	1.06131744E8	0.0	139130.7	84646.38	0.0	108.23723	
00:45:00	1.4164439E9	0.0	1908310.8	1.08236624E8	0.0	145897.61	86271.35	0.0	114.22872	
00:50:00	1.42352794E9	0.0	1959332.9	1.08781752E8	0.0	149798.39	86700.83	0.0	117.17269	
00:55:00	1.42325747E9	0.0	1977165.2	1.08762384E8	0.0	151161.7	86724.31	0.0	118.33722	
01:00:00	1.41935322E9	0.0	2103236.8	1.08462752E8	0.0	160800.42	86557.21	0.0	125.35917	
01:05:00	1.41885235E9	0.0	2301656.5	1.08417472E8	0.0	175970.31	86585.67	0.0	136.83722	
01:10:00	1.42276019E9	0.0	2460851.5	1.08709832E8	0.0	188141.33	86854.88	0.0	146.45287	
01:15:00	1.43187802E9	0.0	2476855.5	1.09405528E8	0.0	189364.84	87384.266	0.0	147.22482	
01:20:00	1.4460032E9	0.0	2487351.0	1.10485312E8	0.0	190167.31	88208.805	0.0	148.01949	
01:25:00	1.46927347E9	0.0	2513408.5	1.12259624E8	0.0	192159.47	89556.516	0.0	149.38242	
01:30:00	1.49214234E9	0.0	2475337.0	1.14014536E8	0.0	189248.61	90818.5	0.0	146.91673	
01:35:00	1.51099046E9	0.0	2305139.2	1.15463184E8	0.0	176236.38	91813.266	0.0	136.68814	
01:40:00	1.52677299E9	0.0	2199666.0	1.16674536E8	0.0	168172.62	92591.16	0.0	129.28247	
01:45:00	1.53780122E9	0.0	2159188.2	1.17520736E8	0.0	165077.95	93081.414	0.0	125.28495	
01:50:00	1.5491561E9	0.0	2105441.5	1.1839552E8	0.0	160968.77	93587.68	0.0	122.0485	
01:55:00	1.55858317E9	0.0	1970308.5	1.19123744E8	0.0	150637.4	93977.26	0.0	114.48981	
02:00:00	1.57050675E9	0.0	1825346.4	1.20033864E8	0.0	139554.64	94587.65	0.0	106.31842	
02:05:00	1.59753152E9	0.0	1898435.2	1.22099616E8	0.0	145142.53	96059.984	0.0	111.0398	
02:10:00	1.65200154E9	0.0	2013649.2	1.26285704E8	0.0	153950.98	99103.84	0.0	118.11658	
02:15:00	1.71918963E9	0.0	1987432.9	1.31450456E8	0.0	151946.67	102885.08	0.0	116.98399	
02:20:00	1.79087245E9	0.0	1878632.1	1.36952976E8	0.0	143628.53	106901.63	0.0	110.20642	
02:25:00	1.86411008E9	0.0	1800834.2	1.42580512E8	0.0	137680.62	110985.98	0.0	104.68091	
02:30:00	1.94340736E9	0.0	1857345.0	1.4867184E8	0.0	142001.03	115395.35	0.0	107.58415	
02:35:00	2.01181901E9	0.0	1870303.4	1.53939904E8	0.0	142991.75	119158.08	0.0	107.82802	
02:40:00	2.04549811E9	0.0	1889973.0	1.56536064E8	0.0	144495.58	120850.05	0.0	109.06049	
02:45:00	2.06734618E9	0.0	1966221.1	1.58212064E8	0.0	150325.0	121907.016	0.0	113.93669	
02:50:00	2.08500851E9	0.0	2064413.9	1.59568736E8	0.0	157832.1	122735.484	0.0	120.03959	
02:55:00	2.09931354E9	0.0	2188139.0	1.60670224E8	0.0	167291.33	123336.445	0.0	127.46864	
03:00:00	2.10455706E9	0.0	2189711.5	1.6109184E8	0.0	167411.53	123395.69	0.0	127.450325	
03:05:00	2.12026522E9	0.0	2148687.2	1.6229688E8	0.0	164275.11	124134.484	0.0	125.193115	
03:10:00	2.15272192E9	0.0	2079991.5	1.64797792E8	0.0	159022.98	125954.83	0.0	121.13872	
03:15:00	2.18259994E9	0.0	2011705.5	1.67093856E8	0.0	153802.23	127552.586	0.0	117.08179	
03:20:00	2.20677094E9	0.0	2006627.0	1.68959936E8	0.0	153413.95	128875.195	0.0	116.49791	
03:25:00	2.23333786E9	0.0	1993276.0	1.7100616E8	0.0	152393.2	130514.4	0.0	116.61973	
03:30:00	2.25790413E9	0.0	1910846.8	1.72898032E8	0.0	146091.25	131952.16	0.0	112.02797	
03:35:00	2.26517222E9	0.0	1788148.1	1.7346768E8	0.0	136710.48	132401.5	0.0	104.658905	
03:40:00	2.25669504E9	0.0	1606077.9	1.72805232E8	0.0	122790.62	131918.67	0.0	93.74097	
03:45:00	2.2493033E9	0.0	1433806.4	1.72243648E8	0.0	109619.85	131609.36	0.0	83.309204	
03:50:00	2.24693709E9	0.0	1205509.0	1.72053696E8	0.0	92165.72	131633.66	0.0	70.11084	
03:55:00	2.24323789E9	0.0	1109853.8	1.71768848E8	0.0	84852.55	131565.8	0.0	63.660614	
04:00:00	2.23919642E9	0.0	1149070.5	1.71439968E8	0.0	87850.81	131658.11	0.0	65.75142	
04:05:00	2.22571187E9	0.0	1215146.8	1.70388752E8	0.0	92902.55	131106.16	0.0	69.4057	
04:10:00	2.19367322E9	0.0	1264254.2	1.67925024E8	0.0	96657.01	129351.734	0.0	72.42194	
04:15:00	2.15054566E9	0.0	1317645.9	1.64611408E8	0.0	100739.03	126905.42	0.0	76.15585	
04:20:00	2.09364416E9	0.0	1467493.5	1.60240544E8	0.0	112195.48	123620.16	0.0	84.60844	
04:25:00	2.02978714E9	0.0	1465609.4	1.55329648E8	0.0	112051.44	119818.98	0.0	84.55552	
04:30:00	1.97141094E9	0.0	1318767.2	1.50845904E8	0.0	100824.805	116281.21	0.0	76.52303	
04:35:00	1.93033984E9	0.0	1204699.0	1.4769576E8	0.0	92103.88	113901.625	0.0	70.50666	
04:40:00	1.90645005E9	0.0	1173838.1	1.45861056E8	0.0	89744.47	112599.13	0.0	68.93536	
04:45:00	1.89065523E9	0.0	1111757.0	1.44641296E8	0.0	84998.125	111805.586	0.0	65.50978	
04:50:00	1.88442931E9	0.0	1037473.3	1.44165392E8	0.0	79318.83	111512.875	0.0	62.07508	
04:55:00	1.88422323E9	0.0	1067777.1	1.44141984E8	0.0	81635.64	111622.05	0.0	64.54997	
05:00:00	1.8828951E9	0.0	1231115.9	1.44039072E8	0.0	94123.51	111658.44	0.0	73.91004	
05:05:00	1.80391347E9	0.0	1301963.8	1.37978192E8	0.0	99540.09	107051.42	0.0	77.660484	
05:10:00	1.61626189E9	0.0	1197864.8	1.2359888E8	0.0	91581.34	96048.37	0.0	71.43105	
05:15:00	1.36454758E9	0.0	1046578.2	1.04337176E8	0.0	80014.91	81159.875	0.0	61.93291	
05:20:00	1.0808855E9	0.0	856332.6	8.2634288E7	0.0	65469.89	64368.9	0.0	50.097992	
05:25:00	7.7940582E8	0.0	617874.6	5.9578256E7	0.0	47238.883	46504.46	0.0	35.805542	
05:30:00	4.69398144E8	0.0	321858.1	3.5863728E7	0.0	24607.295	28105.027	0.0	18.530645	
05:35:00	2.27308912E8	0.0	103000.59	1.7358516E7	0.0	7874.7944	13655.6045	0.0	5.823896	
05:40:00	9.8505248E7	0.0	18594.293	7527654.5	0.0	1421.6074	5911.31	0.0	0.86196035	
05:45:00	3.870584E7	0.0	8190.337	2959117.5	0.0	626.1835	2317.2207	0.0	0.35958105	
05:50:00	1.308481E7	0.0	1384.0673	1000464.5	0.0	105.81743	798.85925	0.0	0.075350255	
05:55:00	2652584.5	0.0	0.0	202802.95	0.0	0.0	167.93872	0.0	0.0	
06:00:00	354635.88	0.0	0.0	27113.223	0.0	0.0	22.234554	0.0	0.0	