Time	FuelConsumptionCar	FuelConsumptionBus	FuelConsumptionTruck	CarbonDioxideCar	CarbonDioxideBus	CarbonDioxideTruck	NitrogenOxidesCar	NitrogenOxidesBus	NitrogenOxidesTruck	
00:30:00	1.17632346E9	0.0	1585080.5	8.988572E7	0.0	121185.39	71159.81	0.0	93.95516	
00:35:00	1.35617997E9	0.0	1779169.5	1.03630656E8	0.0	136024.23	82008.97	0.0	105.62242	
00:40:00	1.43810406E9	0.0	1840931.6	1.09894864E8	0.0	140746.2	86938.87	0.0	109.20904	
00:45:00	1.47119411E9	0.0	1909248.8	1.124252E8	0.0	145969.27	88938.67	0.0	113.730415	
00:50:00	1.48241741E9	0.0	1970057.1	1.13283552E8	0.0	150618.28	89595.234	0.0	117.56507	
00:55:00	1.48525645E9	0.0	1972838.8	1.13497744E8	0.0	150830.94	89771.84	0.0	117.90375	
01:00:00	1.48233472E9	0.0	2097887.0	1.132718E8	0.0	160391.42	89687.39	0.0	124.575485	
01:05:00	1.48275597E9	0.0	2278577.0	1.13302448E8	0.0	174205.78	89797.51	0.0	134.62283	
01:10:00	1.49015706E9	0.0	2428014.8	1.1387232E8	0.0	185630.88	90323.484	0.0	143.73082	
01:15:00	1.50206643E9	0.0	2461494.0	1.14784464E8	0.0	188190.5	91035.66	0.0	146.07822	
01:20:00	1.51441946E9	0.0	2497109.5	1.15730904E8	0.0	190913.38	91776.31	0.0	148.39398	
01:25:00	1.53293568E9	0.0	2544513.0	1.1715068E8	0.0	194537.55	92860.34	0.0	150.99951	
01:30:00	1.55700454E9	0.0	2486769.0	1.18993344E8	0.0	190122.69	94204.734	0.0	147.48288	
01:35:00	1.5792361E9	0.0	2315011.2	1.20700688E8	0.0	176991.25	95357.695	0.0	137.35533	
01:40:00	1.59390438E9	0.0	2222746.5	1.2183068E8	0.0	169937.25	95976.875	0.0	130.82988	
01:45:00	1.6035799E9	0.0	2187458.2	1.22572952E8	0.0	167239.4	96276.08	0.0	127.0298	
01:50:00	1.6181897E9	0.0	2087223.0	1.2369344E8	0.0	159576.05	96929.0	0.0	120.67638	
01:55:00	1.63067955E9	0.0	1941541.8	1.24648912E8	0.0	148438.17	97514.22	0.0	112.283775	
02:00:00	1.63641203E9	0.0	1797608.2	1.25091696E8	0.0	137433.98	97703.305	0.0	104.2355	
02:05:00	1.66196506E9	0.0	1855181.2	1.27047984E8	0.0	141835.61	98961.81	0.0	107.587456	
02:10:00	1.72185306E9	0.0	1981914.5	1.316416E8	0.0	151524.7	102093.086	0.0	114.86485	
02:15:00	1.80035994E9	0.0	1992060.2	1.37680688E8	0.0	152300.25	106150.84	0.0	115.612045	
02:20:00	1.88877338E9	0.0	1912061.2	1.44479776E8	0.0	146184.06	110522.06	0.0	110.496216	
02:25:00	1.99319974E9	0.0	1841228.8	1.52520784E8	0.0	140768.69	115730.336	0.0	105.26712	
02:30:00	2.11504922E9	0.0	1922074.9	1.61901824E8	0.0	146949.56	121883.016	0.0	109.17957	
02:35:00	2.22436966E9	0.0	1961739.8	1.70321024E8	0.0	149982.08	127535.164	0.0	110.895454	
02:40:00	2.29548979E9	0.0	2000309.9	1.7581744E8	0.0	152931.05	131029.484	0.0	112.87235	
02:45:00	2.34988365E9	0.0	2051416.1	1.80004768E8	0.0	156838.33	133765.77	0.0	115.71871	
02:50:00	2.40062182E9	0.0	2112427.2	1.83933776E8	0.0	161502.81	136525.33	0.0	119.22083	
02:55:00	2.43977139E9	0.0	2216354.2	1.8695408E8	0.0	169448.34	138549.03	0.0	124.84125	
03:00:00	2.46331494E9	0.0	2248130.8	1.88766384E8	0.0	171877.66	139688.95	0.0	126.18367	
03:05:00	2.49288806E9	0.0	2253578.8	1.91061024E8	0.0	172294.14	141062.53	0.0	125.99928	
03:10:00	2.54876595E9	0.0	2171735.0	1.95290592E8	0.0	166036.67	143967.23	0.0	120.718765	
03:15:00	2.61602253E9	0.0	2101927.5	2.00408992E8	0.0	160699.66	147421.48	0.0	116.09454	
03:20:00	2.68416128E9	0.0	2172321.0	2.05567088E8	0.0	166081.4	150869.62	0.0	120.08075	
03:25:00	2.7561769E9	0.0	2178799.0	2.11000816E8	0.0	166576.69	154570.44	0.0	120.816055	
03:30:00	2.82793651E9	0.0	2096136.5	2.16452032E8	0.0	160256.95	158229.12	0.0	116.46072	
03:35:00	2.8850583E9	0.0	1949904.9	2.20758416E8	0.0	149077.08	161021.38	0.0	108.0833	
03:40:00	2.91509248E9	0.0	1755862.6	2.23058048E8	0.0	134242.0	162391.7	0.0	96.88004	
03:45:00	2.93192064E9	0.0	1624248.8	2.24332304E8	0.0	124179.73	162982.56	0.0	89.56978	
03:50:00	2.9386496E9	0.0	1353549.2	2.24861344E8	0.0	103483.87	162980.62	0.0	73.799576	
03:55:00	2.94409754E9	0.0	1242259.5	2.25280352E8	0.0	94975.41	162940.45	0.0	67.25569	
04:00:00	2.94599526E9	0.0	1244687.8	2.25399552E8	0.0	95161.09	162654.72	0.0	67.08861	
04:05:00	2.9419479E9	0.0	1304377.8	2.2508568E8	0.0	99724.58	162000.94	0.0	70.44861	
04:10:00	2.92940237E9	0.0	1387470.4	2.24123344E8	0.0	106077.27	160701.39	0.0	75.25384	
04:15:00	2.9125719E9	0.0	1398873.8	2.22859168E8	0.0	106949.086	159289.11	0.0	75.147896	
04:20:00	2.89203968E9	0.0	1564332.9	2.21303424E8	0.0	119599.0	157709.03	0.0	84.03358	
04:25:00	2.85651098E9	0.0	1617581.9	2.18636416E8	0.0	123670.02	155373.44	0.0	86.31832	
04:30:00	2.82545741E9	0.0	1525512.6	2.1632544E8	0.0	116631.0	153484.19	0.0	80.954666	
04:35:00	2.79372954E9	0.0	1439542.1	2.13954096E8	0.0	110058.26	151705.73	0.0	76.23627	
04:40:00	2.77317018E9	0.0	1404907.5	2.12416176E8	0.0	107410.33	150779.03	0.0	74.35998	
04:45:00	2.75706419E9	0.0	1394256.5	2.11198624E8	0.0	106595.984	150196.92	0.0	74.66525	
04:50:00	2.74002406E9	0.0	1329563.0	2.09909792E8	0.0	101650.01	149716.69	0.0	71.65195	
04:55:00	2.72763648E9	0.0	1349585.5	2.08988288E8	0.0	103180.83	149596.12	0.0	73.64462	
05:00:00	2.7127401E9	0.0	1458196.8	2.07852096E8	0.0	111484.59	149438.98	0.0	79.97627	
05:05:00	2.61240576E9	0.0	1472393.6	2.00147216E8	0.0	112570.03	144237.31	0.0	80.493095	
05:10:00	2.39095552E9	0.0	1367361.4	1.83160544E8	0.0	104539.94	132192.52	0.0	74.628265	
05:15:00	2.08485632E9	0.0	1215964.1	1.59682368E8	0.0	92965.06	115481.69	0.0	65.972984	
05:20:00	1.73195366E9	0.0	1028593.6	1.32609712E8	0.0	78639.875	96101.36	0.0	55.6245	
05:25:00	1.3418729E9	0.0	754408.9	1.02701048E8	0.0	57677.426	74596.16	0.0	40.517395	
05:30:00	9.2629594E8	0.0	461719.4	7.084996E7	0.0	35300.215	51478.996	0.0	24.62431	
05:35:00	5.8336819E8	0.0	251126.53	4.4582528E7	0.0	19199.582	32592.2	0.0	13.528506	
05:40:00	3.56177728E8	0.0	130099.63	2.7201192E7	0.0	9946.618	20142.97	0.0	7.1466064	
05:45:00	2.09124288E8	0.0	54756.89	1.5971349E7	0.0	4186.377	11981.937	0.0	3.1115108	
05:50:00	1.11834464E8	0.0	7844.293	8548322.0	0.0	599.72687	6523.2246	0.0	0.42996895	
05:55:00	5.433456E7	0.0	0.0	4154230.0	0.0	0.0	3209.1873	0.0	0.0	
06:00:00	2.4464454E7	0.0	0.0	1870417.1	0.0	0.0	1462.3633	0.0	0.0	