Time	FuelConsumptionCar	FuelConsumptionBus	FuelConsumptionTruck	CarbonDioxideCar	CarbonDioxideBus	CarbonDioxideTruck	NitrogenOxidesCar	NitrogenOxidesBus	NitrogenOxidesTruck	
00:30:00	1.17632346E9	0.0	1585080.5	8.988572E7	0.0	121185.39	71159.81	0.0	93.95516	
00:35:00	1.35617997E9	0.0	1779169.5	1.03630656E8	0.0	136024.23	82008.97	0.0	105.62242	
00:40:00	1.43810406E9	0.0	1840931.6	1.09894864E8	0.0	140746.2	86938.87	0.0	109.20904	
00:45:00	1.47119411E9	0.0	1909248.8	1.124252E8	0.0	145969.27	88938.67	0.0	113.730415	
00:50:00	1.48241741E9	0.0	1970057.1	1.13283552E8	0.0	150618.28	89595.234	0.0	117.56507	
00:55:00	1.48525645E9	0.0	1972838.8	1.13497744E8	0.0	150830.94	89771.84	0.0	117.90375	
01:00:00	1.48233472E9	0.0	2097887.0	1.132718E8	0.0	160391.42	89687.39	0.0	124.575485	
01:05:00	1.48275597E9	0.0	2278577.0	1.13302448E8	0.0	174205.78	89797.51	0.0	134.62283	
01:10:00	1.49015706E9	0.0	2428014.8	1.1387232E8	0.0	185630.88	90323.484	0.0	143.73082	
01:15:00	1.50206643E9	0.0	2461494.0	1.14784464E8	0.0	188190.5	91035.66	0.0	146.07822	
01:20:00	1.51441946E9	0.0	2497109.5	1.15730904E8	0.0	190913.38	91776.31	0.0	148.39398	
01:25:00	1.53293568E9	0.0	2544513.0	1.1715068E8	0.0	194537.55	92860.34	0.0	150.99951	
01:30:00	1.55700454E9	0.0	2486769.0	1.18993344E8	0.0	190122.69	94204.734	0.0	147.48288	
01:35:00	1.5792361E9	0.0	2315011.2	1.20700688E8	0.0	176991.25	95357.695	0.0	137.35533	
01:40:00	1.59390438E9	0.0	2222746.5	1.2183068E8	0.0	169937.25	95976.875	0.0	130.82988	
01:45:00	1.6035799E9	0.0	2187458.2	1.22572952E8	0.0	167239.4	96276.08	0.0	127.0298	
01:50:00	1.6181897E9	0.0	2087223.0	1.2369344E8	0.0	159576.05	96929.0	0.0	120.67638	
01:55:00	1.63067955E9	0.0	1941541.8	1.24648912E8	0.0	148438.17	97514.22	0.0	112.283775	
02:00:00	1.63641203E9	0.0	1797608.2	1.25091696E8	0.0	137433.98	97703.305	0.0	104.2355	
02:05:00	1.66191795E9	0.0	1856462.5	1.270464E8	0.0	141933.56	98959.24	0.0	107.67235	
02:10:00	1.72243354E9	0.0	1980314.8	1.3168888E8	0.0	151402.39	102130.94	0.0	114.7793	
02:15:00	1.8013961E9	0.0	1979241.2	1.37758592E8	0.0	151320.22	106221.52	0.0	114.88533	
02:20:00	1.88854208E9	0.0	1896964.8	1.44463936E8	0.0	145029.92	110515.83	0.0	109.66527	
02:25:00	1.99353075E9	0.0	1832977.6	1.52555376E8	0.0	140137.89	115776.12	0.0	104.57093	
02:30:00	2.11591603E9	0.0	1914317.6	1.61967952E8	0.0	146356.58	121992.625	0.0	108.49783	
02:35:00	2.22417126E9	0.0	1951228.1	1.70297552E8	0.0	149178.55	127588.47	0.0	110.45347	
02:40:00	2.29640397E9	0.0	1961269.5	1.75872288E8	0.0	149946.27	131143.55	0.0	111.016106	
02:45:00	2.35384883E9	0.0	2023952.1	1.80306944E8	0.0	154738.6	133976.6	0.0	114.29939	
02:50:00	2.41093786E9	0.0	2095737.1	1.84710928E8	0.0	160226.77	137043.53	0.0	118.2476	
02:55:00	2.45635891E9	0.0	2223375.5	1.8819992E8	0.0	169985.03	139345.86	0.0	125.28682	
03:00:00	2.48559411E9	0.0	2268634.8	1.90460768E8	0.0	173445.16	140691.53	0.0	127.44443	
03:05:00	2.52463718E9	0.0	2284123.5	1.93482016E8	0.0	174629.22	142513.27	0.0	127.51647	
03:10:00	2.58244992E9	0.0	2205855.5	1.97875632E8	0.0	168645.33	145474.1	0.0	122.39307	
03:15:00	2.65103693E9	0.0	2108707.5	2.03088096E8	0.0	161217.97	149034.9	0.0	116.26444	
03:20:00	2.71812813E9	0.0	2157828.5	2.08173536E8	0.0	164973.38	152363.61	0.0	119.011925	
03:25:00	2.78882637E9	0.0	2133475.0	2.1352952E8	0.0	163111.52	156040.77	0.0	118.125244	
03:30:00	2.85653658E9	0.0	2025583.8	2.18641376E8	0.0	154862.94	159537.05	0.0	112.38558	
03:35:00	2.90974976E9	0.0	1865487.6	2.226272E8	0.0	142623.11	162201.56	0.0	103.33467	
03:40:00	2.94179635E9	0.0	1685859.0	2.25074816E8	0.0	128889.89	163687.36	0.0	92.80044	
03:45:00	2.96057805E9	0.0	1580808.8	2.26488896E8	0.0	120858.516	164412.19	0.0	86.86047	
03:50:00	2.9687232E9	0.0	1348864.8	2.27106928E8	0.0	103125.625	164629.45	0.0	73.26532	
03:55:00	2.97147443E9	0.0	1256508.5	2.27317936E8	0.0	96064.72	164545.31	0.0	67.59393	
04:00:00	2.97004032E9	0.0	1293230.9	2.2722464E8	0.0	98872.25	164180.17	0.0	69.25543	
04:05:00	2.96217805E9	0.0	1365653.0	2.26636592E8	0.0	104409.16	163330.08	0.0	72.97681	
04:10:00	2.94157338E9	0.0	1469348.8	2.25069536E8	0.0	112337.125	161624.53	0.0	79.060555	
04:15:00	2.91189478E9	0.0	1465738.1	2.22848064E8	0.0	112061.055	159683.84	0.0	78.59836	
04:20:00	2.87624474E9	0.0	1595238.6	2.20175664E8	0.0	121961.88	157409.06	0.0	86.07823	
04:25:00	2.82862157E9	0.0	1642189.4	2.16581008E8	0.0	125551.45	154444.72	0.0	88.561745	
04:30:00	2.78760038E9	0.0	1506240.8	2.13489184E8	0.0	115157.69	152076.73	0.0	81.34369	
04:35:00	2.74860851E9	0.0	1391808.5	2.10566576E8	0.0	106408.98	150116.94	0.0	75.75389	
04:40:00	2.7197673E9	0.0	1317075.2	2.08391584E8	0.0	100695.36	148937.0	0.0	71.86912	
04:45:00	2.6944553E9	0.0	1260900.1	2.06471712E8	0.0	96400.58	147836.0	0.0	69.38661	
04:50:00	2.67461914E9	0.0	1174097.6	2.04966656E8	0.0	89764.24	147150.8	0.0	64.90292	
04:55:00	2.66642022E9	0.0	1148055.5	2.04352E8	0.0	87773.24	147326.31	0.0	64.15117	
05:00:00	2.654208E9	0.0	1276496.8	2.03442176E8	0.0	97593.086	147342.83	0.0	71.1243	
05:05:00	2.55510272E9	0.0	1315222.8	1.95827728E8	0.0	100553.836	142123.2	0.0	72.69853	
05:10:00	2.3382912E9	0.0	1232561.9	1.7917792E8	0.0	94234.086	130222.57	0.0	67.93728	
05:15:00	2.04420992E9	0.0	1132472.1	1.56600864E8	0.0	86581.85	114033.99	0.0	62.48652	
05:20:00	1.69746944E9	0.0	964080.0	1.29983936E8	0.0	73707.62	94865.164	0.0	52.999554	
05:25:00	1.30648038E9	0.0	714314.6	1.0000584E8	0.0	54612.1	73053.766	0.0	39.074936	
05:30:00	8.9309158E8	0.0	422894.2	6.8302648E7	0.0	32331.906	49837.95	0.0	23.16524	
05:35:00	5.4908006E8	0.0	209201.22	4.1959704E7	0.0	15994.244	30659.902	0.0	11.657926	
05:40:00	3.23783424E8	0.0	97423.0	2.4729128E7	0.0	7448.367	18180.426	0.0	5.594346	
05:45:00	1.77651648E8	0.0	28767.627	1.3568249E7	0.0	2199.3972	10028.023	0.0	1.6103318	
05:50:00	8.6081248E7	0.0	0.0	6580329.5	0.0	0.0	4886.4473	0.0	0.0	
05:55:00	3.3968564E7	0.0	0.0	2596757.2	0.0	0.0	1915.6948	0.0	0.0	
06:00:00	1.0555702E7	0.0	0.0	807218.8	0.0	0.0	564.9672	0.0	0.0	