Time	FuelConsumptionCar	FuelConsumptionBus	FuelConsumptionTruck	CarbonDioxideCar	CarbonDioxideBus	CarbonDioxideTruck	NitrogenOxidesCar	NitrogenOxidesBus	NitrogenOxidesTruck	
00:30:00	1.17632346E9	0.0	1585080.5	8.988572E7	0.0	121185.39	71159.81	0.0	93.95516	
00:35:00	1.35617997E9	0.0	1779169.5	1.03630656E8	0.0	136024.23	82008.97	0.0	105.62242	
00:40:00	1.43810406E9	0.0	1840931.6	1.09894864E8	0.0	140746.2	86938.87	0.0	109.20904	
00:45:00	1.47119411E9	0.0	1909248.8	1.124252E8	0.0	145969.27	88938.67	0.0	113.730415	
00:50:00	1.48241741E9	0.0	1970057.1	1.13283552E8	0.0	150618.28	89595.234	0.0	117.56507	
00:55:00	1.48525645E9	0.0	1972838.8	1.13497744E8	0.0	150830.94	89771.84	0.0	117.90375	
01:00:00	1.48233472E9	0.0	2097887.0	1.132718E8	0.0	160391.42	89687.39	0.0	124.575485	
01:05:00	1.48275597E9	0.0	2278577.0	1.13302448E8	0.0	174205.78	89797.51	0.0	134.62283	
01:10:00	1.49015706E9	0.0	2428014.8	1.1387232E8	0.0	185630.88	90323.484	0.0	143.73082	
01:15:00	1.50206643E9	0.0	2461494.0	1.14784464E8	0.0	188190.5	91035.66	0.0	146.07822	
01:20:00	1.51441946E9	0.0	2497109.5	1.15730904E8	0.0	190913.38	91776.31	0.0	148.39398	
01:25:00	1.53293568E9	0.0	2544513.0	1.1715068E8	0.0	194537.55	92860.34	0.0	150.99951	
01:30:00	1.55700454E9	0.0	2486769.0	1.18993344E8	0.0	190122.69	94204.734	0.0	147.48288	
01:35:00	1.5792361E9	0.0	2315011.2	1.20700688E8	0.0	176991.25	95357.695	0.0	137.35533	
01:40:00	1.59390438E9	0.0	2222746.5	1.2183068E8	0.0	169937.25	95976.875	0.0	130.82988	
01:45:00	1.6035799E9	0.0	2187458.2	1.22572952E8	0.0	167239.4	96276.08	0.0	127.0298	
01:50:00	1.6181897E9	0.0	2087223.0	1.2369344E8	0.0	159576.05	96929.0	0.0	120.67638	
01:55:00	1.63067955E9	0.0	1941541.8	1.24648912E8	0.0	148438.17	97514.22	0.0	112.283775	
02:00:00	1.63641203E9	0.0	1797608.2	1.25091696E8	0.0	137433.98	97703.305	0.0	104.2355	
02:05:00	1.66191987E9	0.0	1854538.2	1.27045344E8	0.0	141786.42	98959.24	0.0	107.5494	
02:10:00	1.72133222E9	0.0	1976853.0	1.31607136E8	0.0	151137.7	102041.34	0.0	114.48822	
02:15:00	1.79925952E9	0.0	1986512.5	1.37611392E8	0.0	151876.1	106042.12	0.0	115.10727	
02:20:00	1.88892403E9	0.0	1910512.5	1.44500448E8	0.0	146065.61	110467.39	0.0	110.186615	
02:25:00	1.99509043E9	0.0	1847336.9	1.526836E8	0.0	141235.62	115774.41	0.0	105.22637	
02:30:00	2.11986035E9	0.0	1922230.9	1.62281104E8	0.0	146961.53	122111.945	0.0	108.75214	
02:35:00	2.23201485E9	0.0	1951742.5	1.70922528E8	0.0	149217.83	127893.37	0.0	110.1666	
02:40:00	2.30886323E9	0.0	1981148.1	1.76865328E8	0.0	151466.03	131729.39	0.0	111.840996	
02:45:00	2.3663575E9	0.0	2041683.6	1.81278E8	0.0	156094.19	134540.84	0.0	115.34076	
02:50:00	2.41861606E9	0.0	2107683.8	1.85335408E8	0.0	161140.03	137279.86	0.0	118.90396	
02:55:00	2.46002406E9	0.0	2213833.5	1.88518208E8	0.0	169255.44	139301.4	0.0	124.7517	
03:00:00	2.48657971E9	0.0	2259411.8	1.90559264E8	0.0	172740.03	140475.0	0.0	127.137634	
03:05:00	2.52009984E9	0.0	2261255.0	1.93141184E8	0.0	172880.94	141993.36	0.0	126.7828	
03:10:00	2.57793331E9	0.0	2187255.0	1.97505344E8	0.0	167223.31	144965.58	0.0	121.976906	
03:15:00	2.64873754E9	0.0	2094225.2	2.02905872E8	0.0	160110.84	148714.2	0.0	115.87022	
03:20:00	2.71638118E9	0.0	2134374.2	2.08012144E8	0.0	163180.4	152144.19	0.0	118.026764	
03:25:00	2.77975142E9	0.0	2144665.5	2.1280728E8	0.0	163967.28	155344.5	0.0	118.849915	
03:30:00	2.84407706E9	0.0	2047281.5	2.17693104E8	0.0	156521.9	158588.56	0.0	113.45325	
03:35:00	2.8964713E9	0.0	1918865.5	2.21629008E8	0.0	146704.08	161046.28	0.0	106.01806	
03:40:00	2.93139456E9	0.0	1720550.8	2.24298368E8	0.0	131542.27	162633.53	0.0	94.476105	
03:45:00	2.9516096E9	0.0	1599044.5	2.25805856E8	0.0	122252.76	163309.03	0.0	87.79009	
03:50:00	2.96800742E9	0.0	1362354.5	2.27051504E8	0.0	104157.06	163907.23	0.0	74.20643	
03:55:00	2.98877594E9	0.0	1224791.5	2.28614048E8	0.0	93639.86	164814.94	0.0	66.33893	
04:00:00	3.0070231E9	0.0	1268901.6	2.299652E8	0.0	97012.26	165587.92	0.0	68.65385	
04:05:00	3.01241472E9	0.0	1333528.5	2.30363264E8	0.0	101953.2	165556.12	0.0	72.142654	
04:10:00	3.00013517E9	0.0	1409720.1	2.29413504E8	0.0	107778.36	164383.84	0.0	76.63838	
04:15:00	2.97426918E9	0.0	1411925.2	2.2746944E8	0.0	107946.914	162611.67	0.0	76.44938	
04:20:00	2.93997722E9	0.0	1538355.1	2.2488784E8	0.0	117612.93	160286.02	0.0	83.519394	
04:25:00	2.8990633E9	0.0	1585280.8	2.21824768E8	0.0	121200.555	157710.17	0.0	85.69649	
04:30:00	2.85745741E9	0.0	1452944.5	2.18715248E8	0.0	111082.98	155171.56	0.0	78.250206	
04:35:00	2.81756083E9	0.0	1372865.4	2.15746016E8	0.0	104960.66	153099.22	0.0	74.44313	
04:40:00	2.78305664E9	0.0	1357796.8	2.13160416E8	0.0	103808.59	151436.31	0.0	73.819695	
04:45:00	2.761344E9	0.0	1325620.6	2.11538864E8	0.0	101348.63	150602.55	0.0	72.54429	
04:50:00	2.74330112E9	0.0	1239495.1	2.10171088E8	0.0	94764.055	150143.34	0.0	68.03144	
04:55:00	2.7248617E9	0.0	1244881.4	2.08775248E8	0.0	95175.88	149748.7	0.0	69.13706	
05:00:00	2.70498918E9	0.0	1374231.8	2.07296672E8	0.0	105065.23	149389.98	0.0	76.39254	
05:05:00	2.60183962E9	0.0	1372439.1	1.99374784E8	0.0	104928.16	143981.97	0.0	75.5113	
05:10:00	2.37567923E9	0.0	1251979.0	1.82022512E8	0.0	95718.53	131634.38	0.0	68.539215	
05:15:00	2.07606042E9	0.0	1137423.5	1.5902528E8	0.0	86960.33	115177.67	0.0	62.186554	
05:20:00	1.72514688E9	0.0	983980.56	1.32107768E8	0.0	75229.05	95814.97	0.0	53.796074	
05:25:00	1.33522253E9	0.0	742008.6	1.02212808E8	0.0	56729.367	74151.875	0.0	40.40274	
05:30:00	9.2260051E8	0.0	435147.6	7.0565024E7	0.0	33268.707	51095.375	0.0	23.630093	
05:35:00	5.8271334E8	0.0	226293.81	4.4531696E7	0.0	17301.033	32334.426	0.0	12.497176	
05:40:00	3.64827584E8	0.0	115870.375	2.7862606E7	0.0	8858.736	20383.941	0.0	6.6196327	
05:45:00	2.18764416E8	0.0	35183.062	1.6704494E7	0.0	2689.881	12321.972	0.0	2.0459225	
05:50:00	1.2381448E8	0.0	4898.0234	9463513.0	0.0	374.47318	7030.4697	0.0	0.28297403	
05:55:00	6.770544E7	0.0	0.0	5176542.0	0.0	0.0	3877.792	0.0	0.0	
06:00:00	3.653754E7	0.0	0.0	2793246.2	0.0	0.0	2105.3708	0.0	0.0	